0.15 0.0 2.0 6 0.05 0.1 0.0 0.1 0.9
0.15 0.0 2.0 6 0.05 0.1 0.0 0.2 0.8
0.15 0.0 2.0 6 0.05 0.1 0.0 0.3 0.5
0.15 0.0 2.0 6 0.05 0.1 0.25 0.1 0.9
0.15 0.0 2.0 6 0.05 0.1 0.25 0.2 0.8
0.15 0.0 2.0 6 0.05 0.1 0.25 0.3 0.5
0.15 0.0 2.0 6 0.05 0.1 0.5 0.1 0.9
0.15 0.0 2.0 6 0.05 0.1 0.5 0.2 0.8
0.15 0.0 2.0 6 0.05 0.1 0.5 0.3 0.5
0.15 0.0 2.0 6 0.05 0.1 0.75 0.1 0.9
0.15 0.0 2.0 6 0.05 0.1 0.75 0.2 0.8
0.15 0.0 2.0 6 0.05 0.1 0.75 0.3 0.5
0.15 0.0 2.0 6 0.05 0.1 1.0 0.1 0.9
0.15 0.0 2.0 6 0.05 0.1 1.0 0.2 0.8
0.15 0.0 2.0 6 0.05 0.1 1.0 0.3 0.5
0.15 0.0 2.0 6 0.05 0.5 0.0 0.1 0.9
0.15 0.0 2.0 6 0.05 0.5 0.0 0.2 0.8
0.15 0.0 2.0 6 0.05 0.5 0.0 0.3 0.5
0.15 0.0 2.0 6 0.05 0.5 0.25 0.1 0.9
0.15 0.0 2.0 6 0.05 0.5 0.25 0.2 0.8
0.15 0.0 2.0 6 0.05 0.5 0.25 0.3 0.5
0.15 0.0 2.0 6 0.05 0.5 0.5 0.1 0.9
0.15 0.0 2.0 6 0.05 0.5 0.5 0.2 0.8
0.15 0.0 2.0 6 0.05 0.5 0.5 0.3 0.5
0.15 0.0 2.0 6 0.05 0.5 0.75 0.1 0.9
0.15 0.0 2.0 6 0.05 0.5 0.75 0.2 0.8
0.15 0.0 2.0 6 0.05 0.5 0.75 0.3 0.5
0.15 0.0 2.0 6 0.05 0.5 1.0 0.1 0.9
0.15 0.0 2.0 6 0.05 0.5 1.0 0.2 0.8
0.15 0.0 2.0 6 0.05 0.5 1.0 0.3 0.5
0.15 0.0 2.0 6 0.15 0.1 0.0 0.1 0.9
0.15 0.0 2.0 6 0.15 0.1 0.0 0.2 0.8
0.15 0.0 2.0 6 0.15 0.1 0.0 0.3 0.5
0.15 0.0 2.0 6 0.15 0.1 0.25 0.1 0.9
0.15 0.0 2.0 6 0.15 0.1 0.25 0.2 0.8
0.15 0.0 2.0 6 0.15 0.1 0.25 0.3 0.5
0.15 0.0 2.0 6 0.15 0.1 0.5 0.1 0.9
0.15 0.0 2.0 6 0.15 0.1 0.5 0.2 0.8
0.15 0.0 2.0 6 0.15 0.1 0.5 0.3 0.5
0.15 0.0 2.0 6 0.15 0.1 0.75 0.1 0.9
0.15 0.0 2.0 6 0.15 0.1 0.75 0.2 0.8
0.15 0.0 2.0 6 0.15 0.1 0.75 0.3 0.5
0.15 0.0 2.0 6 0.15 0.1 1.0 0.1 0.9
0.15 0.0 2.0 6 0.15 0.1 1.0 0.2 0.8
0.15 0.0 2.0 6 0.15 0.1 1.0 0.3 0.5
0.15 0.0 2.0 6 0.15 0.5 0.0 0.1 0.9
0.15 0.0 2.0 6 0.15 0.5 0.0 0.2 0.8
0.15 0.0 2.0 6 0.15 0.5 0.0 0.3 0.5
0.15 0.0 2.0 6 0.15 0.5 0.25 0.1 0.9
0.15 0.0 2.0 6 0.15 0.5 0.25 0.2 0.8
0.15 0.0 2.0 6 0.15 0.5 0.25 0.3 0.5
0.15 0.0 2.0 6 0.15 0.5 0.5 0.1 0.9
0.15 0.0 2.0 6 0.15 0.5 0.5 0.2 0.8
0.15 0.0 2.0 6 0.15 0.5 0.5 0.3 0.5
0.15 0.0 2.0 6 0.15 0.5 0.75 0.1 0.9
0.15 0.0 2.0 6 0.15 0.5 0.75 0.2 0.8
0.15 0.0 2.0 6 0.15 0.5 0.75 0.3 0.5
0.15 0.0 2.0 6 0.15 0.5 1.0 0.1 0.9
0.15 0.0 2.0 6 0.15 0.5 1.0 0.2 0.8
0.15 0.0 2.0 6 0.15 0.5 1.0 0.3 0.5
0.15 0.0 3.0 6 0.05 0.1 0.0 0.1 0.9
0.15 0.0 3.0 6 0.05 0.1 0.0 0.2 0.8
0.15 0.0 3.0 6 0.05 0.1 0.0 0.3 0.5
0.15 0.0 3.0 6 0.05 0.1 0.25 0.1 0.9
0.15 0.0 3.0 6 0.05 0.1 0.25 0.2 0.8
0.15 0.0 3.0 6 0.05 0.1 0.25 0.3 0.5
0.15 0.0 3.0 6 0.05 0.1 0.5 0.1 0.9
0.15 0.0 3.0 6 0.05 0.1 0.5 0.2 0.8
0.15 0.0 3.0 6 0.05 0.1 0.5 0.3 0.5
0.15 0.0 3.0 6 0.05 0.1 0.75 0.1 0.9
0.15 0.0 3.0 6 0.05 0.1 0.75 0.2 0.8
0.15 0.0 3.0 6 0.05 0.1 0.75 0.3 0.5
0.15 0.0 3.0 6 0.05 0.1 1.0 0.1 0.9
0.15 0.0 3.0 6 0.05 0.1 1.0 0.2 0.8
0.15 0.0 3.0 6 0.05 0.1 1.0 0.3 0.5
0.15 0.0 3.0 6 0.05 0.5 0.0 0.1 0.9
0.15 0.0 3.0 6 0.05 0.5 0.0 0.2 0.8
0.15 0.0 3.0 6 0.05 0.5 0.0 0.3 0.5
0.15 0.0 3.0 6 0.05 0.5 0.25 0.1 0.9
0.15 0.0 3.0 6 0.05 0.5 0.25 0.2 0.8
0.15 0.0 3.0 6 0.05 0.5 0.25 0.3 0.5
0.15 0.0 3.0 6 0.05 0.5 0.5 0.1 0.9
0.15 0.0 3.0 6 0.05 0.5 0.5 0.2 0.8
0.15 0.0 3.0 6 0.05 0.5 0.5 0.3 0.5
0.15 0.0 3.0 6 0.05 0.5 0.75 0.1 0.9
0.15 0.0 3.0 6 0.05 0.5 0.75 0.2 0.8
0.15 0.0 3.0 6 0.05 0.5 0.75 0.3 0.5
0.15 0.0 3.0 6 0.05 0.5 1.0 0.1 0.9
0.15 0.0 3.0 6 0.05 0.5 1.0 0.2 0.8
0.15 0.0 3.0 6 0.05 0.5 1.0 0.3 0.5
0.15 0.0 3.0 6 0.15 0.1 0.0 0.1 0.9
0.15 0.0 3.0 6 0.15 0.1 0.0 0.2 0.8
0.15 0.0 3.0 6 0.15 0.1 0.0 0.3 0.5
0.15 0.0 3.0 6 0.15 0.1 0.25 0.1 0.9
0.15 0.0 3.0 6 0.15 0.1 0.25 0.2 0.8
0.15 0.0 3.0 6 0.15 0.1 0.25 0.3 0.5
0.15 0.0 3.0 6 0.15 0.1 0.5 0.1 0.9
0.15 0.0 3.0 6 0.15 0.1 0.5 0.2 0.8
0.15 0.0 3.0 6 0.15 0.1 0.5 0.3 0.5
0.15 0.0 3.0 6 0.15 0.1 0.75 0.1 0.9
0.15 0.0 3.0 6 0.15 0.1 0.75 0.2 0.8
0.15 0.0 3.0 6 0.15 0.1 0.75 0.3 0.5
0.15 0.0 3.0 6 0.15 0.1 1.0 0.1 0.9
0.15 0.0 3.0 6 0.15 0.1 1.0 0.2 0.8
0.15 0.0 3.0 6 0.15 0.1 1.0 0.3 0.5
0.15 0.0 3.0 6 0.15 0.5 0.0 0.1 0.9
0.15 0.0 3.0 6 0.15 0.5 0.0 0.2 0.8
0.15 0.0 3.0 6 0.15 0.5 0.0 0.3 0.5
0.15 0.0 3.0 6 0.15 0.5 0.25 0.1 0.9
0.15 0.0 3.0 6 0.15 0.5 0.25 0.2 0.8
0.15 0.0 3.0 6 0.15 0.5 0.25 0.3 0.5
0.15 0.0 3.0 6 0.15 0.5 0.5 0.1 0.9
0.15 0.0 3.0 6 0.15 0.5 0.5 0.2 0.8
0.15 0.0 3.0 6 0.15 0.5 0.5 0.3 0.5
0.15 0.0 3.0 6 0.15 0.5 0.75 0.1 0.9
0.15 0.0 3.0 6 0.15 0.5 0.75 0.2 0.8
0.15 0.0 3.0 6 0.15 0.5 0.75 0.3 0.5
0.15 0.0 3.0 6 0.15 0.5 1.0 0.1 0.9
0.15 0.0 3.0 6 0.15 0.5 1.0 0.2 0.8
0.15 0.0 3.0 6 0.15 0.5 1.0 0.3 0.5
0.15 0.2 2.0 6 0.05 0.1 0.0 0.1 0.9
0.15 0.2 2.0 6 0.05 0.1 0.0 0.2 0.8
0.15 0.2 2.0 6 0.05 0.1 0.0 0.3 0.5
0.15 0.2 2.0 6 0.05 0.1 0.25 0.1 0.9
0.15 0.2 2.0 6 0.05 0.1 0.25 0.2 0.8
0.15 0.2 2.0 6 0.05 0.1 0.25 0.3 0.5
0.15 0.2 2.0 6 0.05 0.1 0.5 0.1 0.9
0.15 0.2 2.0 6 0.05 0.1 0.5 0.2 0.8
0.15 0.2 2.0 6 0.05 0.1 0.5 0.3 0.5
0.15 0.2 2.0 6 0.05 0.1 0.75 0.1 0.9
0.15 0.2 2.0 6 0.05 0.1 0.75 0.2 0.8
0.15 0.2 2.0 6 0.05 0.1 0.75 0.3 0.5
0.15 0.2 2.0 6 0.05 0.1 1.0 0.1 0.9
0.15 0.2 2.0 6 0.05 0.1 1.0 0.2 0.8
0.15 0.2 2.0 6 0.05 0.1 1.0 0.3 0.5
0.15 0.2 2.0 6 0.05 0.5 0.0 0.1 0.9
0.15 0.2 2.0 6 0.05 0.5 0.0 0.2 0.8
0.15 0.2 2.0 6 0.05 0.5 0.0 0.3 0.5
0.15 0.2 2.0 6 0.05 0.5 0.25 0.1 0.9
0.15 0.2 2.0 6 0.05 0.5 0.25 0.2 0.8
0.15 0.2 2.0 6 0.05 0.5 0.25 0.3 0.5
0.15 0.2 2.0 6 0.05 0.5 0.5 0.1 0.9
0.15 0.2 2.0 6 0.05 0.5 0.5 0.2 0.8
0.15 0.2 2.0 6 0.05 0.5 0.5 0.3 0.5
0.15 0.2 2.0 6 0.05 0.5 0.75 0.1 0.9
0.15 0.2 2.0 6 0.05 0.5 0.75 0.2 0.8
0.15 0.2 2.0 6 0.05 0.5 0.75 0.3 0.5
0.15 0.2 2.0 6 0.05 0.5 1.0 0.1 0.9
0.15 0.2 2.0 6 0.05 0.5 1.0 0.2 0.8
0.15 0.2 2.0 6 0.05 0.5 1.0 0.3 0.5
0.15 0.2 2.0 6 0.15 0.1 0.0 0.1 0.9
0.15 0.2 2.0 6 0.15 0.1 0.0 0.2 0.8
0.15 0.2 2.0 6 0.15 0.1 0.0 0.3 0.5
0.15 0.2 2.0 6 0.15 0.1 0.25 0.1 0.9
0.15 0.2 2.0 6 0.15 0.1 0.25 0.2 0.8
0.15 0.2 2.0 6 0.15 0.1 0.25 0.3 0.5
0.15 0.2 2.0 6 0.15 0.1 0.5 0.1 0.9
0.15 0.2 2.0 6 0.15 0.1 0.5 0.2 0.8
0.15 0.2 2.0 6 0.15 0.1 0.5 0.3 0.5
0.15 0.2 2.0 6 0.15 0.1 0.75 0.1 0.9
0.15 0.2 2.0 6 0.15 0.1 0.75 0.2 0.8
0.15 0.2 2.0 6 0.15 0.1 0.75 0.3 0.5
0.15 0.2 2.0 6 0.15 0.1 1.0 0.1 0.9
0.15 0.2 2.0 6 0.15 0.1 1.0 0.2 0.8
0.15 0.2 2.0 6 0.15 0.1 1.0 0.3 0.5
0.15 0.2 2.0 6 0.15 0.5 0.0 0.1 0.9
0.15 0.2 2.0 6 0.15 0.5 0.0 0.2 0.8
0.15 0.2 2.0 6 0.15 0.5 0.0 0.3 0.5
0.15 0.2 2.0 6 0.15 0.5 0.25 0.1 0.9
0.15 0.2 2.0 6 0.15 0.5 0.25 0.2 0.8
0.15 0.2 2.0 6 0.15 0.5 0.25 0.3 0.5
0.15 0.2 2.0 6 0.15 0.5 0.5 0.1 0.9
0.15 0.2 2.0 6 0.15 0.5 0.5 0.2 0.8
0.15 0.2 2.0 6 0.15 0.5 0.5 0.3 0.5
0.15 0.2 2.0 6 0.15 0.5 0.75 0.1 0.9
0.15 0.2 2.0 6 0.15 0.5 0.75 0.2 0.8
0.15 0.2 2.0 6 0.15 0.5 0.75 0.3 0.5
0.15 0.2 2.0 6 0.15 0.5 1.0 0.1 0.9
0.15 0.2 2.0 6 0.15 0.5 1.0 0.2 0.8
0.15 0.2 2.0 6 0.15 0.5 1.0 0.3 0.5
0.15 0.2 3.0 6 0.05 0.1 0.0 0.1 0.9
0.15 0.2 3.0 6 0.05 0.1 0.0 0.2 0.8
0.15 0.2 3.0 6 0.05 0.1 0.0 0.3 0.5
0.15 0.2 3.0 6 0.05 0.1 0.25 0.1 0.9
0.15 0.2 3.0 6 0.05 0.1 0.25 0.2 0.8
0.15 0.2 3.0 6 0.05 0.1 0.25 0.3 0.5
0.15 0.2 3.0 6 0.05 0.1 0.5 0.1 0.9
0.15 0.2 3.0 6 0.05 0.1 0.5 0.2 0.8
0.15 0.2 3.0 6 0.05 0.1 0.5 0.3 0.5
0.15 0.2 3.0 6 0.05 0.1 0.75 0.1 0.9
0.15 0.2 3.0 6 0.05 0.1 0.75 0.2 0.8
0.15 0.2 3.0 6 0.05 0.1 0.75 0.3 0.5
0.15 0.2 3.0 6 0.05 0.1 1.0 0.1 0.9
0.15 0.2 3.0 6 0.05 0.1 1.0 0.2 0.8
0.15 0.2 3.0 6 0.05 0.1 1.0 0.3 0.5
0.15 0.2 3.0 6 0.05 0.5 0.0 0.1 0.9
0.15 0.2 3.0 6 0.05 0.5 0.0 0.2 0.8
0.15 0.2 3.0 6 0.05 0.5 0.0 0.3 0.5
0.15 0.2 3.0 6 0.05 0.5 0.25 0.1 0.9
0.15 0.2 3.0 6 0.05 0.5 0.25 0.2 0.8
0.15 0.2 3.0 6 0.05 0.5 0.25 0.3 0.5
0.15 0.2 3.0 6 0.05 0.5 0.5 0.1 0.9
0.15 0.2 3.0 6 0.05 0.5 0.5 0.2 0.8
0.15 0.2 3.0 6 0.05 0.5 0.5 0.3 0.5
0.15 0.2 3.0 6 0.05 0.5 0.75 0.1 0.9
0.15 0.2 3.0 6 0.05 0.5 0.75 0.2 0.8
0.15 0.2 3.0 6 0.05 0.5 0.75 0.3 0.5
0.15 0.2 3.0 6 0.05 0.5 1.0 0.1 0.9
0.15 0.2 3.0 6 0.05 0.5 1.0 0.2 0.8
0.15 0.2 3.0 6 0.05 0.5 1.0 0.3 0.5
0.15 0.2 3.0 6 0.15 0.1 0.0 0.1 0.9
0.15 0.2 3.0 6 0.15 0.1 0.0 0.2 0.8
0.15 0.2 3.0 6 0.15 0.1 0.0 0.3 0.5
0.15 0.2 3.0 6 0.15 0.1 0.25 0.1 0.9
0.15 0.2 3.0 6 0.15 0.1 0.25 0.2 0.8
0.15 0.2 3.0 6 0.15 0.1 0.25 0.3 0.5
0.15 0.2 3.0 6 0.15 0.1 0.5 0.1 0.9
0.15 0.2 3.0 6 0.15 0.1 0.5 0.2 0.8
0.15 0.2 3.0 6 0.15 0.1 0.5 0.3 0.5
0.15 0.2 3.0 6 0.15 0.1 0.75 0.1 0.9
0.15 0.2 3.0 6 0.15 0.1 0.75 0.2 0.8
0.15 0.2 3.0 6 0.15 0.1 0.75 0.3 0.5
0.15 0.2 3.0 6 0.15 0.1 1.0 0.1 0.9
0.15 0.2 3.0 6 0.15 0.1 1.0 0.2 0.8
0.15 0.2 3.0 6 0.15 0.1 1.0 0.3 0.5
0.15 0.2 3.0 6 0.15 0.5 0.0 0.1 0.9
0.15 0.2 3.0 6 0.15 0.5 0.0 0.2 0.8
0.15 0.2 3.0 6 0.15 0.5 0.0 0.3 0.5
0.15 0.2 3.0 6 0.15 0.5 0.25 0.1 0.9
0.15 0.2 3.0 6 0.15 0.5 0.25 0.2 0.8
0.15 0.2 3.0 6 0.15 0.5 0.25 0.3 0.5
0.15 0.2 3.0 6 0.15 0.5 0.5 0.1 0.9
0.15 0.2 3.0 6 0.15 0.5 0.5 0.2 0.8
0.15 0.2 3.0 6 0.15 0.5 0.5 0.3 0.5
0.15 0.2 3.0 6 0.15 0.5 0.75 0.1 0.9
0.15 0.2 3.0 6 0.15 0.5 0.75 0.2 0.8
0.15 0.2 3.0 6 0.15 0.5 0.75 0.3 0.5
0.15 0.2 3.0 6 0.15 0.5 1.0 0.1 0.9
0.15 0.2 3.0 6 0.15 0.5 1.0 0.2 0.8
0.15 0.2 3.0 6 0.15 0.5 1.0 0.3 0.5
0.15 0.5 2.0 6 0.05 0.1 0.0 0.1 0.9
0.15 0.5 2.0 6 0.05 0.1 0.0 0.2 0.8
0.15 0.5 2.0 6 0.05 0.1 0.0 0.3 0.5
0.15 0.5 2.0 6 0.05 0.1 0.25 0.1 0.9
0.15 0.5 2.0 6 0.05 0.1 0.25 0.2 0.8
0.15 0.5 2.0 6 0.05 0.1 0.25 0.3 0.5
0.15 0.5 2.0 6 0.05 0.1 0.5 0.1 0.9
0.15 0.5 2.0 6 0.05 0.1 0.5 0.2 0.8
0.15 0.5 2.0 6 0.05 0.1 0.5 0.3 0.5
0.15 0.5 2.0 6 0.05 0.1 0.75 0.1 0.9
0.15 0.5 2.0 6 0.05 0.1 0.75 0.2 0.8
0.15 0.5 2.0 6 0.05 0.1 0.75 0.3 0.5
0.15 0.5 2.0 6 0.05 0.1 1.0 0.1 0.9
0.15 0.5 2.0 6 0.05 0.1 1.0 0.2 0.8
0.15 0.5 2.0 6 0.05 0.1 1.0 0.3 0.5
0.15 0.5 2.0 6 0.05 0.5 0.0 0.1 0.9
0.15 0.5 2.0 6 0.05 0.5 0.0 0.2 0.8
0.15 0.5 2.0 6 0.05 0.5 0.0 0.3 0.5
0.15 0.5 2.0 6 0.05 0.5 0.25 0.1 0.9
0.15 0.5 2.0 6 0.05 0.5 0.25 0.2 0.8
0.15 0.5 2.0 6 0.05 0.5 0.25 0.3 0.5
0.15 0.5 2.0 6 0.05 0.5 0.5 0.1 0.9
0.15 0.5 2.0 6 0.05 0.5 0.5 0.2 0.8
0.15 0.5 2.0 6 0.05 0.5 0.5 0.3 0.5
0.15 0.5 2.0 6 0.05 0.5 0.75 0.1 0.9
0.15 0.5 2.0 6 0.05 0.5 0.75 0.2 0.8
0.15 0.5 2.0 6 0.05 0.5 0.75 0.3 0.5
0.15 0.5 2.0 6 0.05 0.5 1.0 0.1 0.9
0.15 0.5 2.0 6 0.05 0.5 1.0 0.2 0.8
0.15 0.5 2.0 6 0.05 0.5 1.0 0.3 0.5
0.15 0.5 2.0 6 0.15 0.1 0.0 0.1 0.9
0.15 0.5 2.0 6 0.15 0.1 0.0 0.2 0.8
0.15 0.5 2.0 6 0.15 0.1 0.0 0.3 0.5
0.15 0.5 2.0 6 0.15 0.1 0.25 0.1 0.9
0.15 0.5 2.0 6 0.15 0.1 0.25 0.2 0.8
0.15 0.5 2.0 6 0.15 0.1 0.25 0.3 0.5
0.15 0.5 2.0 6 0.15 0.1 0.5 0.1 0.9
0.15 0.5 2.0 6 0.15 0.1 0.5 0.2 0.8
0.15 0.5 2.0 6 0.15 0.1 0.5 0.3 0.5
0.15 0.5 2.0 6 0.15 0.1 0.75 0.1 0.9
0.15 0.5 2.0 6 0.15 0.1 0.75 0.2 0.8
0.15 0.5 2.0 6 0.15 0.1 0.75 0.3 0.5
0.15 0.5 2.0 6 0.15 0.1 1.0 0.1 0.9
0.15 0.5 2.0 6 0.15 0.1 1.0 0.2 0.8
0.15 0.5 2.0 6 0.15 0.1 1.0 0.3 0.5
0.15 0.5 2.0 6 0.15 0.5 0.0 0.1 0.9
0.15 0.5 2.0 6 0.15 0.5 0.0 0.2 0.8
0.15 0.5 2.0 6 0.15 0.5 0.0 0.3 0.5
0.15 0.5 2.0 6 0.15 0.5 0.25 0.1 0.9
0.15 0.5 2.0 6 0.15 0.5 0.25 0.2 0.8
0.15 0.5 2.0 6 0.15 0.5 0.25 0.3 0.5
0.15 0.5 2.0 6 0.15 0.5 0.5 0.1 0.9
0.15 0.5 2.0 6 0.15 0.5 0.5 0.2 0.8
0.15 0.5 2.0 6 0.15 0.5 0.5 0.3 0.5
0.15 0.5 2.0 6 0.15 0.5 0.75 0.1 0.9
0.15 0.5 2.0 6 0.15 0.5 0.75 0.2 0.8
0.15 0.5 2.0 6 0.15 0.5 0.75 0.3 0.5
0.15 0.5 2.0 6 0.15 0.5 1.0 0.1 0.9
0.15 0.5 2.0 6 0.15 0.5 1.0 0.2 0.8
0.15 0.5 2.0 6 0.15 0.5 1.0 0.3 0.5
0.15 0.5 3.0 6 0.05 0.1 0.0 0.1 0.9
0.15 0.5 3.0 6 0.05 0.1 0.0 0.2 0.8
0.15 0.5 3.0 6 0.05 0.1 0.0 0.3 0.5
0.15 0.5 3.0 6 0.05 0.1 0.25 0.1 0.9
0.15 0.5 3.0 6 0.05 0.1 0.25 0.2 0.8
0.15 0.5 3.0 6 0.05 0.1 0.25 0.3 0.5
0.15 0.5 3.0 6 0.05 0.1 0.5 0.1 0.9
0.15 0.5 3.0 6 0.05 0.1 0.5 0.2 0.8
0.15 0.5 3.0 6 0.05 0.1 0.5 0.3 0.5
0.15 0.5 3.0 6 0.05 0.1 0.75 0.1 0.9
0.15 0.5 3.0 6 0.05 0.1 0.75 0.2 0.8
0.15 0.5 3.0 6 0.05 0.1 0.75 0.3 0.5
0.15 0.5 3.0 6 0.05 0.1 1.0 0.1 0.9
0.15 0.5 3.0 6 0.05 0.1 1.0 0.2 0.8
0.15 0.5 3.0 6 0.05 0.1 1.0 0.3 0.5
0.15 0.5 3.0 6 0.05 0.5 0.0 0.1 0.9
0.15 0.5 3.0 6 0.05 0.5 0.0 0.2 0.8
0.15 0.5 3.0 6 0.05 0.5 0.0 0.3 0.5
0.15 0.5 3.0 6 0.05 0.5 0.25 0.1 0.9
0.15 0.5 3.0 6 0.05 0.5 0.25 0.2 0.8
0.15 0.5 3.0 6 0.05 0.5 0.25 0.3 0.5
0.15 0.5 3.0 6 0.05 0.5 0.5 0.1 0.9
0.15 0.5 3.0 6 0.05 0.5 0.5 0.2 0.8
0.15 0.5 3.0 6 0.05 0.5 0.5 0.3 0.5
0.15 0.5 3.0 6 0.05 0.5 0.75 0.1 0.9
0.15 0.5 3.0 6 0.05 0.5 0.75 0.2 0.8
0.15 0.5 3.0 6 0.05 0.5 0.75 0.3 0.5
0.15 0.5 3.0 6 0.05 0.5 1.0 0.1 0.9
0.15 0.5 3.0 6 0.05 0.5 1.0 0.2 0.8
0.15 0.5 3.0 6 0.05 0.5 1.0 0.3 0.5
0.15 0.5 3.0 6 0.15 0.1 0.0 0.1 0.9
0.15 0.5 3.0 6 0.15 0.1 0.0 0.2 0.8
0.15 0.5 3.0 6 0.15 0.1 0.0 0.3 0.5
0.15 0.5 3.0 6 0.15 0.1 0.25 0.1 0.9
0.15 0.5 3.0 6 0.15 0.1 0.25 0.2 0.8
0.15 0.5 3.0 6 0.15 0.1 0.25 0.3 0.5
0.15 0.5 3.0 6 0.15 0.1 0.5 0.1 0.9
0.15 0.5 3.0 6 0.15 0.1 0.5 0.2 0.8
0.15 0.5 3.0 6 0.15 0.1 0.5 0.3 0.5
0.15 0.5 3.0 6 0.15 0.1 0.75 0.1 0.9
0.15 0.5 3.0 6 0.15 0.1 0.75 0.2 0.8
0.15 0.5 3.0 6 0.15 0.1 0.75 0.3 0.5
0.15 0.5 3.0 6 0.15 0.1 1.0 0.1 0.9
0.15 0.5 3.0 6 0.15 0.1 1.0 0.2 0.8
0.15 0.5 3.0 6 0.15 0.1 1.0 0.3 0.5
0.15 0.5 3.0 6 0.15 0.5 0.0 0.1 0.9
0.15 0.5 3.0 6 0.15 0.5 0.0 0.2 0.8
0.15 0.5 3.0 6 0.15 0.5 0.0 0.3 0.5
0.15 0.5 3.0 6 0.15 0.5 0.25 0.1 0.9
0.15 0.5 3.0 6 0.15 0.5 0.25 0.2 0.8
0.15 0.5 3.0 6 0.15 0.5 0.25 0.3 0.5
0.15 0.5 3.0 6 0.15 0.5 0.5 0.1 0.9
0.15 0.5 3.0 6 0.15 0.5 0.5 0.2 0.8
0.15 0.5 3.0 6 0.15 0.5 0.5 0.3 0.5
0.15 0.5 3.0 6 0.15 0.5 0.75 0.1 0.9
0.15 0.5 3.0 6 0.15 0.5 0.75 0.2 0.8
0.15 0.5 3.0 6 0.15 0.5 0.75 0.3 0.5
0.15 0.5 3.0 6 0.15 0.5 1.0 0.1 0.9
0.15 0.5 3.0 6 0.15 0.5 1.0 0.2 0.8
0.15 0.5 3.0 6 0.15 0.5 1.0 0.3 0.5
0.20 0.0 2.0 6 0.05 0.1 0.0 0.1 0.9
0.20 0.0 2.0 6 0.05 0.1 0.0 0.2 0.8
0.20 0.0 2.0 6 0.05 0.1 0.0 0.3 0.5
0.20 0.0 2.0 6 0.05 0.1 0.25 0.1 0.9
0.20 0.0 2.0 6 0.05 0.1 0.25 0.2 0.8
0.20 0.0 2.0 6 0.05 0.1 0.25 0.3 0.5
0.20 0.0 2.0 6 0.05 0.1 0.5 0.1 0.9
0.20 0.0 2.0 6 0.05 0.1 0.5 0.2 0.8
0.20 0.0 2.0 6 0.05 0.1 0.5 0.3 0.5
0.20 0.0 2.0 6 0.05 0.1 0.75 0.1 0.9
0.20 0.0 2.0 6 0.05 0.1 0.75 0.2 0.8
0.20 0.0 2.0 6 0.05 0.1 0.75 0.3 0.5
0.20 0.0 2.0 6 0.05 0.1 1.0 0.1 0.9
0.20 0.0 2.0 6 0.05 0.1 1.0 0.2 0.8
0.20 0.0 2.0 6 0.05 0.1 1.0 0.3 0.5
0.20 0.0 2.0 6 0.05 0.5 0.0 0.1 0.9
0.20 0.0 2.0 6 0.05 0.5 0.0 0.2 0.8
0.20 0.0 2.0 6 0.05 0.5 0.0 0.3 0.5
0.20 0.0 2.0 6 0.05 0.5 0.25 0.1 0.9
0.20 0.0 2.0 6 0.05 0.5 0.25 0.2 0.8
0.20 0.0 2.0 6 0.05 0.5 0.25 0.3 0.5
0.20 0.0 2.0 6 0.05 0.5 0.5 0.1 0.9
0.20 0.0 2.0 6 0.05 0.5 0.5 0.2 0.8
0.20 0.0 2.0 6 0.05 0.5 0.5 0.3 0.5
0.20 0.0 2.0 6 0.05 0.5 0.75 0.1 0.9
0.20 0.0 2.0 6 0.05 0.5 0.75 0.2 0.8
0.20 0.0 2.0 6 0.05 0.5 0.75 0.3 0.5
0.20 0.0 2.0 6 0.05 0.5 1.0 0.1 0.9
0.20 0.0 2.0 6 0.05 0.5 1.0 0.2 0.8
0.20 0.0 2.0 6 0.05 0.5 1.0 0.3 0.5
0.20 0.0 2.0 6 0.15 0.1 0.0 0.1 0.9
0.20 0.0 2.0 6 0.15 0.1 0.0 0.2 0.8
0.20 0.0 2.0 6 0.15 0.1 0.0 0.3 0.5
0.20 0.0 2.0 6 0.15 0.1 0.25 0.1 0.9
0.20 0.0 2.0 6 0.15 0.1 0.25 0.2 0.8
0.20 0.0 2.0 6 0.15 0.1 0.25 0.3 0.5
0.20 0.0 2.0 6 0.15 0.1 0.5 0.1 0.9
0.20 0.0 2.0 6 0.15 0.1 0.5 0.2 0.8
0.20 0.0 2.0 6 0.15 0.1 0.5 0.3 0.5
0.20 0.0 2.0 6 0.15 0.1 0.75 0.1 0.9
0.20 0.0 2.0 6 0.15 0.1 0.75 0.2 0.8
0.20 0.0 2.0 6 0.15 0.1 0.75 0.3 0.5
0.20 0.0 2.0 6 0.15 0.1 1.0 0.1 0.9
0.20 0.0 2.0 6 0.15 0.1 1.0 0.2 0.8
0.20 0.0 2.0 6 0.15 0.1 1.0 0.3 0.5
0.20 0.0 2.0 6 0.15 0.5 0.0 0.1 0.9
0.20 0.0 2.0 6 0.15 0.5 0.0 0.2 0.8
0.20 0.0 2.0 6 0.15 0.5 0.0 0.3 0.5
0.20 0.0 2.0 6 0.15 0.5 0.25 0.1 0.9
0.20 0.0 2.0 6 0.15 0.5 0.25 0.2 0.8
0.20 0.0 2.0 6 0.15 0.5 0.25 0.3 0.5
0.20 0.0 2.0 6 0.15 0.5 0.5 0.1 0.9
0.20 0.0 2.0 6 0.15 0.5 0.5 0.2 0.8
0.20 0.0 2.0 6 0.15 0.5 0.5 0.3 0.5
0.20 0.0 2.0 6 0.15 0.5 0.75 0.1 0.9
0.20 0.0 2.0 6 0.15 0.5 0.75 0.2 0.8
0.20 0.0 2.0 6 0.15 0.5 0.75 0.3 0.5
0.20 0.0 2.0 6 0.15 0.5 1.0 0.1 0.9
0.20 0.0 2.0 6 0.15 0.5 1.0 0.2 0.8
0.20 0.0 2.0 6 0.15 0.5 1.0 0.3 0.5
0.20 0.0 3.0 6 0.05 0.1 0.0 0.1 0.9
0.20 0.0 3.0 6 0.05 0.1 0.0 0.2 0.8
0.20 0.0 3.0 6 0.05 0.1 0.0 0.3 0.5
0.20 0.0 3.0 6 0.05 0.1 0.25 0.1 0.9
0.20 0.0 3.0 6 0.05 0.1 0.25 0.2 0.8
0.20 0.0 3.0 6 0.05 0.1 0.25 0.3 0.5
0.20 0.0 3.0 6 0.05 0.1 0.5 0.1 0.9
0.20 0.0 3.0 6 0.05 0.1 0.5 0.2 0.8
0.20 0.0 3.0 6 0.05 0.1 0.5 0.3 0.5
0.20 0.0 3.0 6 0.05 0.1 0.75 0.1 0.9
0.20 0.0 3.0 6 0.05 0.1 0.75 0.2 0.8
0.20 0.0 3.0 6 0.05 0.1 0.75 0.3 0.5
0.20 0.0 3.0 6 0.05 0.1 1.0 0.1 0.9
0.20 0.0 3.0 6 0.05 0.1 1.0 0.2 0.8
0.20 0.0 3.0 6 0.05 0.1 1.0 0.3 0.5
0.20 0.0 3.0 6 0.05 0.5 0.0 0.1 0.9
0.20 0.0 3.0 6 0.05 0.5 0.0 0.2 0.8
0.20 0.0 3.0 6 0.05 0.5 0.0 0.3 0.5
0.20 0.0 3.0 6 0.05 0.5 0.25 0.1 0.9
0.20 0.0 3.0 6 0.05 0.5 0.25 0.2 0.8
0.20 0.0 3.0 6 0.05 0.5 0.25 0.3 0.5
0.20 0.0 3.0 6 0.05 0.5 0.5 0.1 0.9
0.20 0.0 3.0 6 0.05 0.5 0.5 0.2 0.8
0.20 0.0 3.0 6 0.05 0.5 0.5 0.3 0.5
0.20 0.0 3.0 6 0.05 0.5 0.75 0.1 0.9
0.20 0.0 3.0 6 0.05 0.5 0.75 0.2 0.8
0.20 0.0 3.0 6 0.05 0.5 0.75 0.3 0.5
0.20 0.0 3.0 6 0.05 0.5 1.0 0.1 0.9
0.20 0.0 3.0 6 0.05 0.5 1.0 0.2 0.8
0.20 0.0 3.0 6 0.05 0.5 1.0 0.3 0.5
0.20 0.0 3.0 6 0.15 0.1 0.0 0.1 0.9
0.20 0.0 3.0 6 0.15 0.1 0.0 0.2 0.8
0.20 0.0 3.0 6 0.15 0.1 0.0 0.3 0.5
0.20 0.0 3.0 6 0.15 0.1 0.25 0.1 0.9
0.20 0.0 3.0 6 0.15 0.1 0.25 0.2 0.8
0.20 0.0 3.0 6 0.15 0.1 0.25 0.3 0.5
0.20 0.0 3.0 6 0.15 0.1 0.5 0.1 0.9
0.20 0.0 3.0 6 0.15 0.1 0.5 0.2 0.8
0.20 0.0 3.0 6 0.15 0.1 0.5 0.3 0.5
0.20 0.0 3.0 6 0.15 0.1 0.75 0.1 0.9
0.20 0.0 3.0 6 0.15 0.1 0.75 0.2 0.8
0.20 0.0 3.0 6 0.15 0.1 0.75 0.3 0.5
0.20 0.0 3.0 6 0.15 0.1 1.0 0.1 0.9
0.20 0.0 3.0 6 0.15 0.1 1.0 0.2 0.8
0.20 0.0 3.0 6 0.15 0.1 1.0 0.3 0.5
0.20 0.0 3.0 6 0.15 0.5 0.0 0.1 0.9
0.20 0.0 3.0 6 0.15 0.5 0.0 0.2 0.8
0.20 0.0 3.0 6 0.15 0.5 0.0 0.3 0.5
0.20 0.0 3.0 6 0.15 0.5 0.25 0.1 0.9
0.20 0.0 3.0 6 0.15 0.5 0.25 0.2 0.8
0.20 0.0 3.0 6 0.15 0.5 0.25 0.3 0.5
0.20 0.0 3.0 6 0.15 0.5 0.5 0.1 0.9
0.20 0.0 3.0 6 0.15 0.5 0.5 0.2 0.8
0.20 0.0 3.0 6 0.15 0.5 0.5 0.3 0.5
0.20 0.0 3.0 6 0.15 0.5 0.75 0.1 0.9
0.20 0.0 3.0 6 0.15 0.5 0.75 0.2 0.8
0.20 0.0 3.0 6 0.15 0.5 0.75 0.3 0.5
0.20 0.0 3.0 6 0.15 0.5 1.0 0.1 0.9
0.20 0.0 3.0 6 0.15 0.5 1.0 0.2 0.8
0.20 0.0 3.0 6 0.15 0.5 1.0 0.3 0.5
0.20 0.2 2.0 6 0.05 0.1 0.0 0.1 0.9
0.20 0.2 2.0 6 0.05 0.1 0.0 0.2 0.8
0.20 0.2 2.0 6 0.05 0.1 0.0 0.3 0.5
0.20 0.2 2.0 6 0.05 0.1 0.25 0.1 0.9
0.20 0.2 2.0 6 0.05 0.1 0.25 0.2 0.8
0.20 0.2 2.0 6 0.05 0.1 0.25 0.3 0.5
0.20 0.2 2.0 6 0.05 0.1 0.5 0.1 0.9
0.20 0.2 2.0 6 0.05 0.1 0.5 0.2 0.8
0.20 0.2 2.0 6 0.05 0.1 0.5 0.3 0.5
0.20 0.2 2.0 6 0.05 0.1 0.75 0.1 0.9
0.20 0.2 2.0 6 0.05 0.1 0.75 0.2 0.8
0.20 0.2 2.0 6 0.05 0.1 0.75 0.3 0.5
0.20 0.2 2.0 6 0.05 0.1 1.0 0.1 0.9
0.20 0.2 2.0 6 0.05 0.1 1.0 0.2 0.8
0.20 0.2 2.0 6 0.05 0.1 1.0 0.3 0.5
0.20 0.2 2.0 6 0.05 0.5 0.0 0.1 0.9
0.20 0.2 2.0 6 0.05 0.5 0.0 0.2 0.8
0.20 0.2 2.0 6 0.05 0.5 0.0 0.3 0.5
0.20 0.2 2.0 6 0.05 0.5 0.25 0.1 0.9
0.20 0.2 2.0 6 0.05 0.5 0.25 0.2 0.8
0.20 0.2 2.0 6 0.05 0.5 0.25 0.3 0.5
0.20 0.2 2.0 6 0.05 0.5 0.5 0.1 0.9
0.20 0.2 2.0 6 0.05 0.5 0.5 0.2 0.8
0.20 0.2 2.0 6 0.05 0.5 0.5 0.3 0.5
0.20 0.2 2.0 6 0.05 0.5 0.75 0.1 0.9
0.20 0.2 2.0 6 0.05 0.5 0.75 0.2 0.8
0.20 0.2 2.0 6 0.05 0.5 0.75 0.3 0.5
0.20 0.2 2.0 6 0.05 0.5 1.0 0.1 0.9
0.20 0.2 2.0 6 0.05 0.5 1.0 0.2 0.8
0.20 0.2 2.0 6 0.05 0.5 1.0 0.3 0.5
0.20 0.2 2.0 6 0.15 0.1 0.0 0.1 0.9
0.20 0.2 2.0 6 0.15 0.1 0.0 0.2 0.8
0.20 0.2 2.0 6 0.15 0.1 0.0 0.3 0.5
0.20 0.2 2.0 6 0.15 0.1 0.25 0.1 0.9
0.20 0.2 2.0 6 0.15 0.1 0.25 0.2 0.8
0.20 0.2 2.0 6 0.15 0.1 0.25 0.3 0.5
0.20 0.2 2.0 6 0.15 0.1 0.5 0.1 0.9
0.20 0.2 2.0 6 0.15 0.1 0.5 0.2 0.8
0.20 0.2 2.0 6 0.15 0.1 0.5 0.3 0.5
0.20 0.2 2.0 6 0.15 0.1 0.75 0.1 0.9
0.20 0.2 2.0 6 0.15 0.1 0.75 0.2 0.8
0.20 0.2 2.0 6 0.15 0.1 0.75 0.3 0.5
0.20 0.2 2.0 6 0.15 0.1 1.0 0.1 0.9
0.20 0.2 2.0 6 0.15 0.1 1.0 0.2 0.8
0.20 0.2 2.0 6 0.15 0.1 1.0 0.3 0.5
0.20 0.2 2.0 6 0.15 0.5 0.0 0.1 0.9
0.20 0.2 2.0 6 0.15 0.5 0.0 0.2 0.8
0.20 0.2 2.0 6 0.15 0.5 0.0 0.3 0.5
0.20 0.2 2.0 6 0.15 0.5 0.25 0.1 0.9
0.20 0.2 2.0 6 0.15 0.5 0.25 0.2 0.8
0.20 0.2 2.0 6 0.15 0.5 0.25 0.3 0.5
0.20 0.2 2.0 6 0.15 0.5 0.5 0.1 0.9
0.20 0.2 2.0 6 0.15 0.5 0.5 0.2 0.8
0.20 0.2 2.0 6 0.15 0.5 0.5 0.3 0.5
0.20 0.2 2.0 6 0.15 0.5 0.75 0.1 0.9
0.20 0.2 2.0 6 0.15 0.5 0.75 0.2 0.8
0.20 0.2 2.0 6 0.15 0.5 0.75 0.3 0.5
0.20 0.2 2.0 6 0.15 0.5 1.0 0.1 0.9
0.20 0.2 2.0 6 0.15 0.5 1.0 0.2 0.8
0.20 0.2 2.0 6 0.15 0.5 1.0 0.3 0.5
0.20 0.2 3.0 6 0.05 0.1 0.0 0.1 0.9
0.20 0.2 3.0 6 0.05 0.1 0.0 0.2 0.8
0.20 0.2 3.0 6 0.05 0.1 0.0 0.3 0.5
0.20 0.2 3.0 6 0.05 0.1 0.25 0.1 0.9
0.20 0.2 3.0 6 0.05 0.1 0.25 0.2 0.8
0.20 0.2 3.0 6 0.05 0.1 0.25 0.3 0.5
0.20 0.2 3.0 6 0.05 0.1 0.5 0.1 0.9
0.20 0.2 3.0 6 0.05 0.1 0.5 0.2 0.8
0.20 0.2 3.0 6 0.05 0.1 0.5 0.3 0.5
0.20 0.2 3.0 6 0.05 0.1 0.75 0.1 0.9
0.20 0.2 3.0 6 0.05 0.1 0.75 0.2 0.8
0.20 0.2 3.0 6 0.05 0.1 0.75 0.3 0.5
0.20 0.2 3.0 6 0.05 0.1 1.0 0.1 0.9
0.20 0.2 3.0 6 0.05 0.1 1.0 0.2 0.8
0.20 0.2 3.0 6 0.05 0.1 1.0 0.3 0.5
0.20 0.2 3.0 6 0.05 0.5 0.0 0.1 0.9
0.20 0.2 3.0 6 0.05 0.5 0.0 0.2 0.8
0.20 0.2 3.0 6 0.05 0.5 0.0 0.3 0.5
0.20 0.2 3.0 6 0.05 0.5 0.25 0.1 0.9
0.20 0.2 3.0 6 0.05 0.5 0.25 0.2 0.8
0.20 0.2 3.0 6 0.05 0.5 0.25 0.3 0.5
0.20 0.2 3.0 6 0.05 0.5 0.5 0.1 0.9
0.20 0.2 3.0 6 0.05 0.5 0.5 0.2 0.8
0.20 0.2 3.0 6 0.05 0.5 0.5 0.3 0.5
0.20 0.2 3.0 6 0.05 0.5 0.75 0.1 0.9
0.20 0.2 3.0 6 0.05 0.5 0.75 0.2 0.8
0.20 0.2 3.0 6 0.05 0.5 0.75 0.3 0.5
0.20 0.2 3.0 6 0.05 0.5 1.0 0.1 0.9
0.20 0.2 3.0 6 0.05 0.5 1.0 0.2 0.8
0.20 0.2 3.0 6 0.05 0.5 1.0 0.3 0.5
0.20 0.2 3.0 6 0.15 0.1 0.0 0.1 0.9
0.20 0.2 3.0 6 0.15 0.1 0.0 0.2 0.8
0.20 0.2 3.0 6 0.15 0.1 0.0 0.3 0.5
0.20 0.2 3.0 6 0.15 0.1 0.25 0.1 0.9
0.20 0.2 3.0 6 0.15 0.1 0.25 0.2 0.8
0.20 0.2 3.0 6 0.15 0.1 0.25 0.3 0.5
0.20 0.2 3.0 6 0.15 0.1 0.5 0.1 0.9
0.20 0.2 3.0 6 0.15 0.1 0.5 0.2 0.8
0.20 0.2 3.0 6 0.15 0.1 0.5 0.3 0.5
0.20 0.2 3.0 6 0.15 0.1 0.75 0.1 0.9
0.20 0.2 3.0 6 0.15 0.1 0.75 0.2 0.8
0.20 0.2 3.0 6 0.15 0.1 0.75 0.3 0.5
0.20 0.2 3.0 6 0.15 0.1 1.0 0.1 0.9
0.20 0.2 3.0 6 0.15 0.1 1.0 0.2 0.8
0.20 0.2 3.0 6 0.15 0.1 1.0 0.3 0.5
0.20 0.2 3.0 6 0.15 0.5 0.0 0.1 0.9
0.20 0.2 3.0 6 0.15 0.5 0.0 0.2 0.8
0.20 0.2 3.0 6 0.15 0.5 0.0 0.3 0.5
0.20 0.2 3.0 6 0.15 0.5 0.25 0.1 0.9
0.20 0.2 3.0 6 0.15 0.5 0.25 0.2 0.8
0.20 0.2 3.0 6 0.15 0.5 0.25 0.3 0.5
0.20 0.2 3.0 6 0.15 0.5 0.5 0.1 0.9
0.20 0.2 3.0 6 0.15 0.5 0.5 0.2 0.8
0.20 0.2 3.0 6 0.15 0.5 0.5 0.3 0.5
0.20 0.2 3.0 6 0.15 0.5 0.75 0.1 0.9
0.20 0.2 3.0 6 0.15 0.5 0.75 0.2 0.8
0.20 0.2 3.0 6 0.15 0.5 0.75 0.3 0.5
0.20 0.2 3.0 6 0.15 0.5 1.0 0.1 0.9
0.20 0.2 3.0 6 0.15 0.5 1.0 0.2 0.8
0.20 0.2 3.0 6 0.15 0.5 1.0 0.3 0.5
0.20 0.5 2.0 6 0.05 0.1 0.0 0.1 0.9
0.20 0.5 2.0 6 0.05 0.1 0.0 0.2 0.8
0.20 0.5 2.0 6 0.05 0.1 0.0 0.3 0.5
0.20 0.5 2.0 6 0.05 0.1 0.25 0.1 0.9
0.20 0.5 2.0 6 0.05 0.1 0.25 0.2 0.8
0.20 0.5 2.0 6 0.05 0.1 0.25 0.3 0.5
0.20 0.5 2.0 6 0.05 0.1 0.5 0.1 0.9
0.20 0.5 2.0 6 0.05 0.1 0.5 0.2 0.8
0.20 0.5 2.0 6 0.05 0.1 0.5 0.3 0.5
0.20 0.5 2.0 6 0.05 0.1 0.75 0.1 0.9
0.20 0.5 2.0 6 0.05 0.1 0.75 0.2 0.8
0.20 0.5 2.0 6 0.05 0.1 0.75 0.3 0.5
0.20 0.5 2.0 6 0.05 0.1 1.0 0.1 0.9
0.20 0.5 2.0 6 0.05 0.1 1.0 0.2 0.8
0.20 0.5 2.0 6 0.05 0.1 1.0 0.3 0.5
0.20 0.5 2.0 6 0.05 0.5 0.0 0.1 0.9
0.20 0.5 2.0 6 0.05 0.5 0.0 0.2 0.8
0.20 0.5 2.0 6 0.05 0.5 0.0 0.3 0.5
0.20 0.5 2.0 6 0.05 0.5 0.25 0.1 0.9
0.20 0.5 2.0 6 0.05 0.5 0.25 0.2 0.8
0.20 0.5 2.0 6 0.05 0.5 0.25 0.3 0.5
0.20 0.5 2.0 6 0.05 0.5 0.5 0.1 0.9
0.20 0.5 2.0 6 0.05 0.5 0.5 0.2 0.8
0.20 0.5 2.0 6 0.05 0.5 0.5 0.3 0.5
0.20 0.5 2.0 6 0.05 0.5 0.75 0.1 0.9
0.20 0.5 2.0 6 0.05 0.5 0.75 0.2 0.8
0.20 0.5 2.0 6 0.05 0.5 0.75 0.3 0.5
0.20 0.5 2.0 6 0.05 0.5 1.0 0.1 0.9
0.20 0.5 2.0 6 0.05 0.5 1.0 0.2 0.8
0.20 0.5 2.0 6 0.05 0.5 1.0 0.3 0.5
0.20 0.5 2.0 6 0.15 0.1 0.0 0.1 0.9
0.20 0.5 2.0 6 0.15 0.1 0.0 0.2 0.8
0.20 0.5 2.0 6 0.15 0.1 0.0 0.3 0.5
0.20 0.5 2.0 6 0.15 0.1 0.25 0.1 0.9
0.20 0.5 2.0 6 0.15 0.1 0.25 0.2 0.8
0.20 0.5 2.0 6 0.15 0.1 0.25 0.3 0.5
0.20 0.5 2.0 6 0.15 0.1 0.5 0.1 0.9
0.20 0.5 2.0 6 0.15 0.1 0.5 0.2 0.8
0.20 0.5 2.0 6 0.15 0.1 0.5 0.3 0.5
0.20 0.5 2.0 6 0.15 0.1 0.75 0.1 0.9
0.20 0.5 2.0 6 0.15 0.1 0.75 0.2 0.8
0.20 0.5 2.0 6 0.15 0.1 0.75 0.3 0.5
0.20 0.5 2.0 6 0.15 0.1 1.0 0.1 0.9
0.20 0.5 2.0 6 0.15 0.1 1.0 0.2 0.8
0.20 0.5 2.0 6 0.15 0.1 1.0 0.3 0.5
0.20 0.5 2.0 6 0.15 0.5 0.0 0.1 0.9
0.20 0.5 2.0 6 0.15 0.5 0.0 0.2 0.8
0.20 0.5 2.0 6 0.15 0.5 0.0 0.3 0.5
0.20 0.5 2.0 6 0.15 0.5 0.25 0.1 0.9
0.20 0.5 2.0 6 0.15 0.5 0.25 0.2 0.8
0.20 0.5 2.0 6 0.15 0.5 0.25 0.3 0.5
0.20 0.5 2.0 6 0.15 0.5 0.5 0.1 0.9
0.20 0.5 2.0 6 0.15 0.5 0.5 0.2 0.8
0.20 0.5 2.0 6 0.15 0.5 0.5 0.3 0.5
0.20 0.5 2.0 6 0.15 0.5 0.75 0.1 0.9
0.20 0.5 2.0 6 0.15 0.5 0.75 0.2 0.8
0.20 0.5 2.0 6 0.15 0.5 0.75 0.3 0.5
0.20 0.5 2.0 6 0.15 0.5 1.0 0.1 0.9
0.20 0.5 2.0 6 0.15 0.5 1.0 0.2 0.8
0.20 0.5 2.0 6 0.15 0.5 1.0 0.3 0.5
0.20 0.5 3.0 6 0.05 0.1 0.0 0.1 0.9
0.20 0.5 3.0 6 0.05 0.1 0.0 0.2 0.8
0.20 0.5 3.0 6 0.05 0.1 0.0 0.3 0.5
0.20 0.5 3.0 6 0.05 0.1 0.25 0.1 0.9
0.20 0.5 3.0 6 0.05 0.1 0.25 0.2 0.8
0.20 0.5 3.0 6 0.05 0.1 0.25 0.3 0.5
0.20 0.5 3.0 6 0.05 0.1 0.5 0.1 0.9
0.20 0.5 3.0 6 0.05 0.1 0.5 0.2 0.8
0.20 0.5 3.0 6 0.05 0.1 0.5 0.3 0.5
0.20 0.5 3.0 6 0.05 0.1 0.75 0.1 0.9
0.20 0.5 3.0 6 0.05 0.1 0.75 0.2 0.8
0.20 0.5 3.0 6 0.05 0.1 0.75 0.3 0.5
0.20 0.5 3.0 6 0.05 0.1 1.0 0.1 0.9
0.20 0.5 3.0 6 0.05 0.1 1.0 0.2 0.8
0.20 0.5 3.0 6 0.05 0.1 1.0 0.3 0.5
0.20 0.5 3.0 6 0.05 0.5 0.0 0.1 0.9
0.20 0.5 3.0 6 0.05 0.5 0.0 0.2 0.8
0.20 0.5 3.0 6 0.05 0.5 0.0 0.3 0.5
0.20 0.5 3.0 6 0.05 0.5 0.25 0.1 0.9
0.20 0.5 3.0 6 0.05 0.5 0.25 0.2 0.8
0.20 0.5 3.0 6 0.05 0.5 0.25 0.3 0.5
0.20 0.5 3.0 6 0.05 0.5 0.5 0.1 0.9
0.20 0.5 3.0 6 0.05 0.5 0.5 0.2 0.8
0.20 0.5 3.0 6 0.05 0.5 0.5 0.3 0.5
0.20 0.5 3.0 6 0.05 0.5 0.75 0.1 0.9
0.20 0.5 3.0 6 0.05 0.5 0.75 0.2 0.8
0.20 0.5 3.0 6 0.05 0.5 0.75 0.3 0.5
0.20 0.5 3.0 6 0.05 0.5 1.0 0.1 0.9
0.20 0.5 3.0 6 0.05 0.5 1.0 0.2 0.8
0.20 0.5 3.0 6 0.05 0.5 1.0 0.3 0.5
0.20 0.5 3.0 6 0.15 0.1 0.0 0.1 0.9
0.20 0.5 3.0 6 0.15 0.1 0.0 0.2 0.8
0.20 0.5 3.0 6 0.15 0.1 0.0 0.3 0.5
0.20 0.5 3.0 6 0.15 0.1 0.25 0.1 0.9
0.20 0.5 3.0 6 0.15 0.1 0.25 0.2 0.8
0.20 0.5 3.0 6 0.15 0.1 0.25 0.3 0.5
0.20 0.5 3.0 6 0.15 0.1 0.5 0.1 0.9
0.20 0.5 3.0 6 0.15 0.1 0.5 0.2 0.8
0.20 0.5 3.0 6 0.15 0.1 0.5 0.3 0.5
0.20 0.5 3.0 6 0.15 0.1 0.75 0.1 0.9
0.20 0.5 3.0 6 0.15 0.1 0.75 0.2 0.8
0.20 0.5 3.0 6 0.15 0.1 0.75 0.3 0.5
0.20 0.5 3.0 6 0.15 0.1 1.0 0.1 0.9
0.20 0.5 3.0 6 0.15 0.1 1.0 0.2 0.8
0.20 0.5 3.0 6 0.15 0.1 1.0 0.3 0.5
0.20 0.5 3.0 6 0.15 0.5 0.0 0.1 0.9
0.20 0.5 3.0 6 0.15 0.5 0.0 0.2 0.8
0.20 0.5 3.0 6 0.15 0.5 0.0 0.3 0.5
0.20 0.5 3.0 6 0.15 0.5 0.25 0.1 0.9
0.20 0.5 3.0 6 0.15 0.5 0.25 0.2 0.8
0.20 0.5 3.0 6 0.15 0.5 0.25 0.3 0.5
0.20 0.5 3.0 6 0.15 0.5 0.5 0.1 0.9
0.20 0.5 3.0 6 0.15 0.5 0.5 0.2 0.8
0.20 0.5 3.0 6 0.15 0.5 0.5 0.3 0.5
0.20 0.5 3.0 6 0.15 0.5 0.75 0.1 0.9
0.20 0.5 3.0 6 0.15 0.5 0.75 0.2 0.8
0.20 0.5 3.0 6 0.15 0.5 0.75 0.3 0.5
0.20 0.5 3.0 6 0.15 0.5 1.0 0.1 0.9
0.20 0.5 3.0 6 0.15 0.5 1.0 0.2 0.8
0.20 0.5 3.0 6 0.15 0.5 1.0 0.3 0.5
0.25 0.0 2.0 6 0.05 0.1 0.0 0.1 0.9
0.25 0.0 2.0 6 0.05 0.1 0.0 0.2 0.8
0.25 0.0 2.0 6 0.05 0.1 0.0 0.3 0.5
0.25 0.0 2.0 6 0.05 0.1 0.25 0.1 0.9
0.25 0.0 2.0 6 0.05 0.1 0.25 0.2 0.8
0.25 0.0 2.0 6 0.05 0.1 0.25 0.3 0.5
0.25 0.0 2.0 6 0.05 0.1 0.5 0.1 0.9
0.25 0.0 2.0 6 0.05 0.1 0.5 0.2 0.8
0.25 0.0 2.0 6 0.05 0.1 0.5 0.3 0.5
0.25 0.0 2.0 6 0.05 0.1 0.75 0.1 0.9
0.25 0.0 2.0 6 0.05 0.1 0.75 0.2 0.8
0.25 0.0 2.0 6 0.05 0.1 0.75 0.3 0.5
0.25 0.0 2.0 6 0.05 0.1 1.0 0.1 0.9
0.25 0.0 2.0 6 0.05 0.1 1.0 0.2 0.8
0.25 0.0 2.0 6 0.05 0.1 1.0 0.3 0.5
0.25 0.0 2.0 6 0.05 0.5 0.0 0.1 0.9
0.25 0.0 2.0 6 0.05 0.5 0.0 0.2 0.8
0.25 0.0 2.0 6 0.05 0.5 0.0 0.3 0.5
0.25 0.0 2.0 6 0.05 0.5 0.25 0.1 0.9
0.25 0.0 2.0 6 0.05 0.5 0.25 0.2 0.8
0.25 0.0 2.0 6 0.05 0.5 0.25 0.3 0.5
0.25 0.0 2.0 6 0.05 0.5 0.5 0.1 0.9
0.25 0.0 2.0 6 0.05 0.5 0.5 0.2 0.8
0.25 0.0 2.0 6 0.05 0.5 0.5 0.3 0.5
0.25 0.0 2.0 6 0.05 0.5 0.75 0.1 0.9
0.25 0.0 2.0 6 0.05 0.5 0.75 0.2 0.8
0.25 0.0 2.0 6 0.05 0.5 0.75 0.3 0.5
0.25 0.0 2.0 6 0.05 0.5 1.0 0.1 0.9
0.25 0.0 2.0 6 0.05 0.5 1.0 0.2 0.8
0.25 0.0 2.0 6 0.05 0.5 1.0 0.3 0.5
0.25 0.0 2.0 6 0.15 0.1 0.0 0.1 0.9
0.25 0.0 2.0 6 0.15 0.1 0.0 0.2 0.8
0.25 0.0 2.0 6 0.15 0.1 0.0 0.3 0.5
0.25 0.0 2.0 6 0.15 0.1 0.25 0.1 0.9
0.25 0.0 2.0 6 0.15 0.1 0.25 0.2 0.8
0.25 0.0 2.0 6 0.15 0.1 0.25 0.3 0.5
0.25 0.0 2.0 6 0.15 0.1 0.5 0.1 0.9
0.25 0.0 2.0 6 0.15 0.1 0.5 0.2 0.8
0.25 0.0 2.0 6 0.15 0.1 0.5 0.3 0.5
0.25 0.0 2.0 6 0.15 0.1 0.75 0.1 0.9
0.25 0.0 2.0 6 0.15 0.1 0.75 0.2 0.8
0.25 0.0 2.0 6 0.15 0.1 0.75 0.3 0.5
0.25 0.0 2.0 6 0.15 0.1 1.0 0.1 0.9
0.25 0.0 2.0 6 0.15 0.1 1.0 0.2 0.8
0.25 0.0 2.0 6 0.15 0.1 1.0 0.3 0.5
0.25 0.0 2.0 6 0.15 0.5 0.0 0.1 0.9
0.25 0.0 2.0 6 0.15 0.5 0.0 0.2 0.8
0.25 0.0 2.0 6 0.15 0.5 0.0 0.3 0.5
0.25 0.0 2.0 6 0.15 0.5 0.25 0.1 0.9
0.25 0.0 2.0 6 0.15 0.5 0.25 0.2 0.8
0.25 0.0 2.0 6 0.15 0.5 0.25 0.3 0.5
0.25 0.0 2.0 6 0.15 0.5 0.5 0.1 0.9
0.25 0.0 2.0 6 0.15 0.5 0.5 0.2 0.8
0.25 0.0 2.0 6 0.15 0.5 0.5 0.3 0.5
0.25 0.0 2.0 6 0.15 0.5 0.75 0.1 0.9
0.25 0.0 2.0 6 0.15 0.5 0.75 0.2 0.8
0.25 0.0 2.0 6 0.15 0.5 0.75 0.3 0.5
0.25 0.0 2.0 6 0.15 0.5 1.0 0.1 0.9
0.25 0.0 2.0 6 0.15 0.5 1.0 0.2 0.8
0.25 0.0 2.0 6 0.15 0.5 1.0 0.3 0.5
0.25 0.0 3.0 6 0.05 0.1 0.0 0.1 0.9
0.25 0.0 3.0 6 0.05 0.1 0.0 0.2 0.8
0.25 0.0 3.0 6 0.05 0.1 0.0 0.3 0.5
0.25 0.0 3.0 6 0.05 0.1 0.25 0.1 0.9
0.25 0.0 3.0 6 0.05 0.1 0.25 0.2 0.8
0.25 0.0 3.0 6 0.05 0.1 0.25 0.3 0.5
0.25 0.0 3.0 6 0.05 0.1 0.5 0.1 0.9
0.25 0.0 3.0 6 0.05 0.1 0.5 0.2 0.8
0.25 0.0 3.0 6 0.05 0.1 0.5 0.3 0.5
0.25 0.0 3.0 6 0.05 0.1 0.75 0.1 0.9
0.25 0.0 3.0 6 0.05 0.1 0.75 0.2 0.8
0.25 0.0 3.0 6 0.05 0.1 0.75 0.3 0.5
0.25 0.0 3.0 6 0.05 0.1 1.0 0.1 0.9
0.25 0.0 3.0 6 0.05 0.1 1.0 0.2 0.8
0.25 0.0 3.0 6 0.05 0.1 1.0 0.3 0.5
0.25 0.0 3.0 6 0.05 0.5 0.0 0.1 0.9
0.25 0.0 3.0 6 0.05 0.5 0.0 0.2 0.8
0.25 0.0 3.0 6 0.05 0.5 0.0 0.3 0.5
0.25 0.0 3.0 6 0.05 0.5 0.25 0.1 0.9
0.25 0.0 3.0 6 0.05 0.5 0.25 0.2 0.8
0.25 0.0 3.0 6 0.05 0.5 0.25 0.3 0.5
0.25 0.0 3.0 6 0.05 0.5 0.5 0.1 0.9
0.25 0.0 3.0 6 0.05 0.5 0.5 0.2 0.8
0.25 0.0 3.0 6 0.05 0.5 0.5 0.3 0.5
0.25 0.0 3.0 6 0.05 0.5 0.75 0.1 0.9
0.25 0.0 3.0 6 0.05 0.5 0.75 0.2 0.8
0.25 0.0 3.0 6 0.05 0.5 0.75 0.3 0.5
0.25 0.0 3.0 6 0.05 0.5 1.0 0.1 0.9
0.25 0.0 3.0 6 0.05 0.5 1.0 0.2 0.8
0.25 0.0 3.0 6 0.05 0.5 1.0 0.3 0.5
0.25 0.0 3.0 6 0.15 0.1 0.0 0.1 0.9
0.25 0.0 3.0 6 0.15 0.1 0.0 0.2 0.8
0.25 0.0 3.0 6 0.15 0.1 0.0 0.3 0.5
0.25 0.0 3.0 6 0.15 0.1 0.25 0.1 0.9
0.25 0.0 3.0 6 0.15 0.1 0.25 0.2 0.8
0.25 0.0 3.0 6 0.15 0.1 0.25 0.3 0.5
0.25 0.0 3.0 6 0.15 0.1 0.5 0.1 0.9
0.25 0.0 3.0 6 0.15 0.1 0.5 0.2 0.8
0.25 0.0 3.0 6 0.15 0.1 0.5 0.3 0.5
0.25 0.0 3.0 6 0.15 0.1 0.75 0.1 0.9
0.25 0.0 3.0 6 0.15 0.1 0.75 0.2 0.8
0.25 0.0 3.0 6 0.15 0.1 0.75 0.3 0.5
0.25 0.0 3.0 6 0.15 0.1 1.0 0.1 0.9
0.25 0.0 3.0 6 0.15 0.1 1.0 0.2 0.8
0.25 0.0 3.0 6 0.15 0.1 1.0 0.3 0.5
0.25 0.0 3.0 6 0.15 0.5 0.0 0.1 0.9
0.25 0.0 3.0 6 0.15 0.5 0.0 0.2 0.8
0.25 0.0 3.0 6 0.15 0.5 0.0 0.3 0.5
0.25 0.0 3.0 6 0.15 0.5 0.25 0.1 0.9
0.25 0.0 3.0 6 0.15 0.5 0.25 0.2 0.8
0.25 0.0 3.0 6 0.15 0.5 0.25 0.3 0.5
0.25 0.0 3.0 6 0.15 0.5 0.5 0.1 0.9
0.25 0.0 3.0 6 0.15 0.5 0.5 0.2 0.8
0.25 0.0 3.0 6 0.15 0.5 0.5 0.3 0.5
0.25 0.0 3.0 6 0.15 0.5 0.75 0.1 0.9
0.25 0.0 3.0 6 0.15 0.5 0.75 0.2 0.8
0.25 0.0 3.0 6 0.15 0.5 0.75 0.3 0.5
0.25 0.0 3.0 6 0.15 0.5 1.0 0.1 0.9
0.25 0.0 3.0 6 0.15 0.5 1.0 0.2 0.8
0.25 0.0 3.0 6 0.15 0.5 1.0 0.3 0.5
0.25 0.2 2.0 6 0.05 0.1 0.0 0.1 0.9
0.25 0.2 2.0 6 0.05 0.1 0.0 0.2 0.8
0.25 0.2 2.0 6 0.05 0.1 0.0 0.3 0.5
0.25 0.2 2.0 6 0.05 0.1 0.25 0.1 0.9
0.25 0.2 2.0 6 0.05 0.1 0.25 0.2 0.8
0.25 0.2 2.0 6 0.05 0.1 0.25 0.3 0.5
0.25 0.2 2.0 6 0.05 0.1 0.5 0.1 0.9
0.25 0.2 2.0 6 0.05 0.1 0.5 0.2 0.8
0.25 0.2 2.0 6 0.05 0.1 0.5 0.3 0.5
0.25 0.2 2.0 6 0.05 0.1 0.75 0.1 0.9
0.25 0.2 2.0 6 0.05 0.1 0.75 0.2 0.8
0.25 0.2 2.0 6 0.05 0.1 0.75 0.3 0.5
0.25 0.2 2.0 6 0.05 0.1 1.0 0.1 0.9
0.25 0.2 2.0 6 0.05 0.1 1.0 0.2 0.8
0.25 0.2 2.0 6 0.05 0.1 1.0 0.3 0.5
0.25 0.2 2.0 6 0.05 0.5 0.0 0.1 0.9
0.25 0.2 2.0 6 0.05 0.5 0.0 0.2 0.8
0.25 0.2 2.0 6 0.05 0.5 0.0 0.3 0.5
0.25 0.2 2.0 6 0.05 0.5 0.25 0.1 0.9
0.25 0.2 2.0 6 0.05 0.5 0.25 0.2 0.8
0.25 0.2 2.0 6 0.05 0.5 0.25 0.3 0.5
0.25 0.2 2.0 6 0.05 0.5 0.5 0.1 0.9
0.25 0.2 2.0 6 0.05 0.5 0.5 0.2 0.8
0.25 0.2 2.0 6 0.05 0.5 0.5 0.3 0.5
0.25 0.2 2.0 6 0.05 0.5 0.75 0.1 0.9
0.25 0.2 2.0 6 0.05 0.5 0.75 0.2 0.8
0.25 0.2 2.0 6 0.05 0.5 0.75 0.3 0.5
0.25 0.2 2.0 6 0.05 0.5 1.0 0.1 0.9
0.25 0.2 2.0 6 0.05 0.5 1.0 0.2 0.8
0.25 0.2 2.0 6 0.05 0.5 1.0 0.3 0.5
0.25 0.2 2.0 6 0.15 0.1 0.0 0.1 0.9
0.25 0.2 2.0 6 0.15 0.1 0.0 0.2 0.8
0.25 0.2 2.0 6 0.15 0.1 0.0 0.3 0.5
0.25 0.2 2.0 6 0.15 0.1 0.25 0.1 0.9
0.25 0.2 2.0 6 0.15 0.1 0.25 0.2 0.8
0.25 0.2 2.0 6 0.15 0.1 0.25 0.3 0.5
0.25 0.2 2.0 6 0.15 0.1 0.5 0.1 0.9
0.25 0.2 2.0 6 0.15 0.1 0.5 0.2 0.8
0.25 0.2 2.0 6 0.15 0.1 0.5 0.3 0.5
0.25 0.2 2.0 6 0.15 0.1 0.75 0.1 0.9
0.25 0.2 2.0 6 0.15 0.1 0.75 0.2 0.8
0.25 0.2 2.0 6 0.15 0.1 0.75 0.3 0.5
0.25 0.2 2.0 6 0.15 0.1 1.0 0.1 0.9
0.25 0.2 2.0 6 0.15 0.1 1.0 0.2 0.8
0.25 0.2 2.0 6 0.15 0.1 1.0 0.3 0.5
0.25 0.2 2.0 6 0.15 0.5 0.0 0.1 0.9
0.25 0.2 2.0 6 0.15 0.5 0.0 0.2 0.8
0.25 0.2 2.0 6 0.15 0.5 0.0 0.3 0.5
0.25 0.2 2.0 6 0.15 0.5 0.25 0.1 0.9
0.25 0.2 2.0 6 0.15 0.5 0.25 0.2 0.8
0.25 0.2 2.0 6 0.15 0.5 0.25 0.3 0.5
0.25 0.2 2.0 6 0.15 0.5 0.5 0.1 0.9
0.25 0.2 2.0 6 0.15 0.5 0.5 0.2 0.8
0.25 0.2 2.0 6 0.15 0.5 0.5 0.3 0.5
0.25 0.2 2.0 6 0.15 0.5 0.75 0.1 0.9
0.25 0.2 2.0 6 0.15 0.5 0.75 0.2 0.8
0.25 0.2 2.0 6 0.15 0.5 0.75 0.3 0.5
0.25 0.2 2.0 6 0.15 0.5 1.0 0.1 0.9
0.25 0.2 2.0 6 0.15 0.5 1.0 0.2 0.8
0.25 0.2 2.0 6 0.15 0.5 1.0 0.3 0.5
0.25 0.2 3.0 6 0.05 0.1 0.0 0.1 0.9
0.25 0.2 3.0 6 0.05 0.1 0.0 0.2 0.8
0.25 0.2 3.0 6 0.05 0.1 0.0 0.3 0.5
0.25 0.2 3.0 6 0.05 0.1 0.25 0.1 0.9
0.25 0.2 3.0 6 0.05 0.1 0.25 0.2 0.8
0.25 0.2 3.0 6 0.05 0.1 0.25 0.3 0.5
0.25 0.2 3.0 6 0.05 0.1 0.5 0.1 0.9
0.25 0.2 3.0 6 0.05 0.1 0.5 0.2 0.8
0.25 0.2 3.0 6 0.05 0.1 0.5 0.3 0.5
0.25 0.2 3.0 6 0.05 0.1 0.75 0.1 0.9
0.25 0.2 3.0 6 0.05 0.1 0.75 0.2 0.8
0.25 0.2 3.0 6 0.05 0.1 0.75 0.3 0.5
0.25 0.2 3.0 6 0.05 0.1 1.0 0.1 0.9
0.25 0.2 3.0 6 0.05 0.1 1.0 0.2 0.8
0.25 0.2 3.0 6 0.05 0.1 1.0 0.3 0.5
0.25 0.2 3.0 6 0.05 0.5 0.0 0.1 0.9
0.25 0.2 3.0 6 0.05 0.5 0.0 0.2 0.8
0.25 0.2 3.0 6 0.05 0.5 0.0 0.3 0.5
0.25 0.2 3.0 6 0.05 0.5 0.25 0.1 0.9
0.25 0.2 3.0 6 0.05 0.5 0.25 0.2 0.8
0.25 0.2 3.0 6 0.05 0.5 0.25 0.3 0.5
0.25 0.2 3.0 6 0.05 0.5 0.5 0.1 0.9
0.25 0.2 3.0 6 0.05 0.5 0.5 0.2 0.8
0.25 0.2 3.0 6 0.05 0.5 0.5 0.3 0.5
0.25 0.2 3.0 6 0.05 0.5 0.75 0.1 0.9
0.25 0.2 3.0 6 0.05 0.5 0.75 0.2 0.8
0.25 0.2 3.0 6 0.05 0.5 0.75 0.3 0.5
0.25 0.2 3.0 6 0.05 0.5 1.0 0.1 0.9
0.25 0.2 3.0 6 0.05 0.5 1.0 0.2 0.8
0.25 0.2 3.0 6 0.05 0.5 1.0 0.3 0.5
0.25 0.2 3.0 6 0.15 0.1 0.0 0.1 0.9
0.25 0.2 3.0 6 0.15 0.1 0.0 0.2 0.8
0.25 0.2 3.0 6 0.15 0.1 0.0 0.3 0.5
0.25 0.2 3.0 6 0.15 0.1 0.25 0.1 0.9
0.25 0.2 3.0 6 0.15 0.1 0.25 0.2 0.8
0.25 0.2 3.0 6 0.15 0.1 0.25 0.3 0.5
0.25 0.2 3.0 6 0.15 0.1 0.5 0.1 0.9
0.25 0.2 3.0 6 0.15 0.1 0.5 0.2 0.8
0.25 0.2 3.0 6 0.15 0.1 0.5 0.3 0.5
0.25 0.2 3.0 6 0.15 0.1 0.75 0.1 0.9
0.25 0.2 3.0 6 0.15 0.1 0.75 0.2 0.8
0.25 0.2 3.0 6 0.15 0.1 0.75 0.3 0.5
0.25 0.2 3.0 6 0.15 0.1 1.0 0.1 0.9
0.25 0.2 3.0 6 0.15 0.1 1.0 0.2 0.8
0.25 0.2 3.0 6 0.15 0.1 1.0 0.3 0.5
0.25 0.2 3.0 6 0.15 0.5 0.0 0.1 0.9
0.25 0.2 3.0 6 0.15 0.5 0.0 0.2 0.8
0.25 0.2 3.0 6 0.15 0.5 0.0 0.3 0.5
0.25 0.2 3.0 6 0.15 0.5 0.25 0.1 0.9
0.25 0.2 3.0 6 0.15 0.5 0.25 0.2 0.8
0.25 0.2 3.0 6 0.15 0.5 0.25 0.3 0.5
0.25 0.2 3.0 6 0.15 0.5 0.5 0.1 0.9
0.25 0.2 3.0 6 0.15 0.5 0.5 0.2 0.8
0.25 0.2 3.0 6 0.15 0.5 0.5 0.3 0.5
0.25 0.2 3.0 6 0.15 0.5 0.75 0.1 0.9
0.25 0.2 3.0 6 0.15 0.5 0.75 0.2 0.8
0.25 0.2 3.0 6 0.15 0.5 0.75 0.3 0.5
0.25 0.2 3.0 6 0.15 0.5 1.0 0.1 0.9
0.25 0.2 3.0 6 0.15 0.5 1.0 0.2 0.8
0.25 0.2 3.0 6 0.15 0.5 1.0 0.3 0.5
0.25 0.5 2.0 6 0.05 0.1 0.0 0.1 0.9
0.25 0.5 2.0 6 0.05 0.1 0.0 0.2 0.8
0.25 0.5 2.0 6 0.05 0.1 0.0 0.3 0.5
0.25 0.5 2.0 6 0.05 0.1 0.25 0.1 0.9
0.25 0.5 2.0 6 0.05 0.1 0.25 0.2 0.8
0.25 0.5 2.0 6 0.05 0.1 0.25 0.3 0.5
0.25 0.5 2.0 6 0.05 0.1 0.5 0.1 0.9
0.25 0.5 2.0 6 0.05 0.1 0.5 0.2 0.8
0.25 0.5 2.0 6 0.05 0.1 0.5 0.3 0.5
0.25 0.5 2.0 6 0.05 0.1 0.75 0.1 0.9
0.25 0.5 2.0 6 0.05 0.1 0.75 0.2 0.8
0.25 0.5 2.0 6 0.05 0.1 0.75 0.3 0.5
0.25 0.5 2.0 6 0.05 0.1 1.0 0.1 0.9
0.25 0.5 2.0 6 0.05 0.1 1.0 0.2 0.8
0.25 0.5 2.0 6 0.05 0.1 1.0 0.3 0.5
0.25 0.5 2.0 6 0.05 0.5 0.0 0.1 0.9
0.25 0.5 2.0 6 0.05 0.5 0.0 0.2 0.8
0.25 0.5 2.0 6 0.05 0.5 0.0 0.3 0.5
0.25 0.5 2.0 6 0.05 0.5 0.25 0.1 0.9
0.25 0.5 2.0 6 0.05 0.5 0.25 0.2 0.8
0.25 0.5 2.0 6 0.05 0.5 0.25 0.3 0.5
0.25 0.5 2.0 6 0.05 0.5 0.5 0.1 0.9
0.25 0.5 2.0 6 0.05 0.5 0.5 0.2 0.8
0.25 0.5 2.0 6 0.05 0.5 0.5 0.3 0.5
0.25 0.5 2.0 6 0.05 0.5 0.75 0.1 0.9
0.25 0.5 2.0 6 0.05 0.5 0.75 0.2 0.8
0.25 0.5 2.0 6 0.05 0.5 0.75 0.3 0.5
0.25 0.5 2.0 6 0.05 0.5 1.0 0.1 0.9
0.25 0.5 2.0 6 0.05 0.5 1.0 0.2 0.8
0.25 0.5 2.0 6 0.05 0.5 1.0 0.3 0.5
0.25 0.5 2.0 6 0.15 0.1 0.0 0.1 0.9
0.25 0.5 2.0 6 0.15 0.1 0.0 0.2 0.8
0.25 0.5 2.0 6 0.15 0.1 0.0 0.3 0.5
0.25 0.5 2.0 6 0.15 0.1 0.25 0.1 0.9
0.25 0.5 2.0 6 0.15 0.1 0.25 0.2 0.8
0.25 0.5 2.0 6 0.15 0.1 0.25 0.3 0.5
0.25 0.5 2.0 6 0.15 0.1 0.5 0.1 0.9
0.25 0.5 2.0 6 0.15 0.1 0.5 0.2 0.8
0.25 0.5 2.0 6 0.15 0.1 0.5 0.3 0.5
0.25 0.5 2.0 6 0.15 0.1 0.75 0.1 0.9
0.25 0.5 2.0 6 0.15 0.1 0.75 0.2 0.8
0.25 0.5 2.0 6 0.15 0.1 0.75 0.3 0.5
0.25 0.5 2.0 6 0.15 0.1 1.0 0.1 0.9
0.25 0.5 2.0 6 0.15 0.1 1.0 0.2 0.8
0.25 0.5 2.0 6 0.15 0.1 1.0 0.3 0.5
0.25 0.5 2.0 6 0.15 0.5 0.0 0.1 0.9
0.25 0.5 2.0 6 0.15 0.5 0.0 0.2 0.8
0.25 0.5 2.0 6 0.15 0.5 0.0 0.3 0.5
0.25 0.5 2.0 6 0.15 0.5 0.25 0.1 0.9
0.25 0.5 2.0 6 0.15 0.5 0.25 0.2 0.8
0.25 0.5 2.0 6 0.15 0.5 0.25 0.3 0.5
0.25 0.5 2.0 6 0.15 0.5 0.5 0.1 0.9
0.25 0.5 2.0 6 0.15 0.5 0.5 0.2 0.8
0.25 0.5 2.0 6 0.15 0.5 0.5 0.3 0.5
0.25 0.5 2.0 6 0.15 0.5 0.75 0.1 0.9
0.25 0.5 2.0 6 0.15 0.5 0.75 0.2 0.8
0.25 0.5 2.0 6 0.15 0.5 0.75 0.3 0.5
0.25 0.5 2.0 6 0.15 0.5 1.0 0.1 0.9
0.25 0.5 2.0 6 0.15 0.5 1.0 0.2 0.8
0.25 0.5 2.0 6 0.15 0.5 1.0 0.3 0.5
0.25 0.5 3.0 6 0.05 0.1 0.0 0.1 0.9
0.25 0.5 3.0 6 0.05 0.1 0.0 0.2 0.8
0.25 0.5 3.0 6 0.05 0.1 0.0 0.3 0.5
0.25 0.5 3.0 6 0.05 0.1 0.25 0.1 0.9
0.25 0.5 3.0 6 0.05 0.1 0.25 0.2 0.8
0.25 0.5 3.0 6 0.05 0.1 0.25 0.3 0.5
0.25 0.5 3.0 6 0.05 0.1 0.5 0.1 0.9
0.25 0.5 3.0 6 0.05 0.1 0.5 0.2 0.8
0.25 0.5 3.0 6 0.05 0.1 0.5 0.3 0.5
0.25 0.5 3.0 6 0.05 0.1 0.75 0.1 0.9
0.25 0.5 3.0 6 0.05 0.1 0.75 0.2 0.8
0.25 0.5 3.0 6 0.05 0.1 0.75 0.3 0.5
0.25 0.5 3.0 6 0.05 0.1 1.0 0.1 0.9
0.25 0.5 3.0 6 0.05 0.1 1.0 0.2 0.8
0.25 0.5 3.0 6 0.05 0.1 1.0 0.3 0.5
0.25 0.5 3.0 6 0.05 0.5 0.0 0.1 0.9
0.25 0.5 3.0 6 0.05 0.5 0.0 0.2 0.8
0.25 0.5 3.0 6 0.05 0.5 0.0 0.3 0.5
0.25 0.5 3.0 6 0.05 0.5 0.25 0.1 0.9
0.25 0.5 3.0 6 0.05 0.5 0.25 0.2 0.8
0.25 0.5 3.0 6 0.05 0.5 0.25 0.3 0.5
0.25 0.5 3.0 6 0.05 0.5 0.5 0.1 0.9
0.25 0.5 3.0 6 0.05 0.5 0.5 0.2 0.8
0.25 0.5 3.0 6 0.05 0.5 0.5 0.3 0.5
0.25 0.5 3.0 6 0.05 0.5 0.75 0.1 0.9
0.25 0.5 3.0 6 0.05 0.5 0.75 0.2 0.8
0.25 0.5 3.0 6 0.05 0.5 0.75 0.3 0.5
0.25 0.5 3.0 6 0.05 0.5 1.0 0.1 0.9
0.25 0.5 3.0 6 0.05 0.5 1.0 0.2 0.8
0.25 0.5 3.0 6 0.05 0.5 1.0 0.3 0.5
0.25 0.5 3.0 6 0.15 0.1 0.0 0.1 0.9
0.25 0.5 3.0 6 0.15 0.1 0.0 0.2 0.8
0.25 0.5 3.0 6 0.15 0.1 0.0 0.3 0.5
0.25 0.5 3.0 6 0.15 0.1 0.25 0.1 0.9
0.25 0.5 3.0 6 0.15 0.1 0.25 0.2 0.8
0.25 0.5 3.0 6 0.15 0.1 0.25 0.3 0.5
0.25 0.5 3.0 6 0.15 0.1 0.5 0.1 0.9
0.25 0.5 3.0 6 0.15 0.1 0.5 0.2 0.8
0.25 0.5 3.0 6 0.15 0.1 0.5 0.3 0.5
0.25 0.5 3.0 6 0.15 0.1 0.75 0.1 0.9
0.25 0.5 3.0 6 0.15 0.1 0.75 0.2 0.8
0.25 0.5 3.0 6 0.15 0.1 0.75 0.3 0.5
0.25 0.5 3.0 6 0.15 0.1 1.0 0.1 0.9
0.25 0.5 3.0 6 0.15 0.1 1.0 0.2 0.8
0.25 0.5 3.0 6 0.15 0.1 1.0 0.3 0.5
0.25 0.5 3.0 6 0.15 0.5 0.0 0.1 0.9
0.25 0.5 3.0 6 0.15 0.5 0.0 0.2 0.8
0.25 0.5 3.0 6 0.15 0.5 0.0 0.3 0.5
0.25 0.5 3.0 6 0.15 0.5 0.25 0.1 0.9
0.25 0.5 3.0 6 0.15 0.5 0.25 0.2 0.8
0.25 0.5 3.0 6 0.15 0.5 0.25 0.3 0.5
0.25 0.5 3.0 6 0.15 0.5 0.5 0.1 0.9
0.25 0.5 3.0 6 0.15 0.5 0.5 0.2 0.8
0.25 0.5 3.0 6 0.15 0.5 0.5 0.3 0.5
0.25 0.5 3.0 6 0.15 0.5 0.75 0.1 0.9
0.25 0.5 3.0 6 0.15 0.5 0.75 0.2 0.8
0.25 0.5 3.0 6 0.15 0.5 0.75 0.3 0.5
0.25 0.5 3.0 6 0.15 0.5 1.0 0.1 0.9
0.25 0.5 3.0 6 0.15 0.5 1.0 0.2 0.8
0.25 0.5 3.0 6 0.15 0.5 1.0 0.3 0.5
0.30 0.0 2.0 6 0.05 0.1 0.0 0.1 0.9
0.30 0.0 2.0 6 0.05 0.1 0.0 0.2 0.8
0.30 0.0 2.0 6 0.05 0.1 0.0 0.3 0.5
0.30 0.0 2.0 6 0.05 0.1 0.25 0.1 0.9
0.30 0.0 2.0 6 0.05 0.1 0.25 0.2 0.8
0.30 0.0 2.0 6 0.05 0.1 0.25 0.3 0.5
0.30 0.0 2.0 6 0.05 0.1 0.5 0.1 0.9
0.30 0.0 2.0 6 0.05 0.1 0.5 0.2 0.8
0.30 0.0 2.0 6 0.05 0.1 0.5 0.3 0.5
0.30 0.0 2.0 6 0.05 0.1 0.75 0.1 0.9
0.30 0.0 2.0 6 0.05 0.1 0.75 0.2 0.8
0.30 0.0 2.0 6 0.05 0.1 0.75 0.3 0.5
0.30 0.0 2.0 6 0.05 0.1 1.0 0.1 0.9
0.30 0.0 2.0 6 0.05 0.1 1.0 0.2 0.8
0.30 0.0 2.0 6 0.05 0.1 1.0 0.3 0.5
0.30 0.0 2.0 6 0.05 0.5 0.0 0.1 0.9
0.30 0.0 2.0 6 0.05 0.5 0.0 0.2 0.8
0.30 0.0 2.0 6 0.05 0.5 0.0 0.3 0.5
0.30 0.0 2.0 6 0.05 0.5 0.25 0.1 0.9
0.30 0.0 2.0 6 0.05 0.5 0.25 0.2 0.8
0.30 0.0 2.0 6 0.05 0.5 0.25 0.3 0.5
0.30 0.0 2.0 6 0.05 0.5 0.5 0.1 0.9
0.30 0.0 2.0 6 0.05 0.5 0.5 0.2 0.8
0.30 0.0 2.0 6 0.05 0.5 0.5 0.3 0.5
0.30 0.0 2.0 6 0.05 0.5 0.75 0.1 0.9
0.30 0.0 2.0 6 0.05 0.5 0.75 0.2 0.8
0.30 0.0 2.0 6 0.05 0.5 0.75 0.3 0.5
0.30 0.0 2.0 6 0.05 0.5 1.0 0.1 0.9
0.30 0.0 2.0 6 0.05 0.5 1.0 0.2 0.8
0.30 0.0 2.0 6 0.05 0.5 1.0 0.3 0.5
0.30 0.0 2.0 6 0.15 0.1 0.0 0.1 0.9
0.30 0.0 2.0 6 0.15 0.1 0.0 0.2 0.8
0.30 0.0 2.0 6 0.15 0.1 0.0 0.3 0.5
0.30 0.0 2.0 6 0.15 0.1 0.25 0.1 0.9
0.30 0.0 2.0 6 0.15 0.1 0.25 0.2 0.8
0.30 0.0 2.0 6 0.15 0.1 0.25 0.3 0.5
0.30 0.0 2.0 6 0.15 0.1 0.5 0.1 0.9
0.30 0.0 2.0 6 0.15 0.1 0.5 0.2 0.8
0.30 0.0 2.0 6 0.15 0.1 0.5 0.3 0.5
0.30 0.0 2.0 6 0.15 0.1 0.75 0.1 0.9
0.30 0.0 2.0 6 0.15 0.1 0.75 0.2 0.8
0.30 0.0 2.0 6 0.15 0.1 0.75 0.3 0.5
0.30 0.0 2.0 6 0.15 0.1 1.0 0.1 0.9
0.30 0.0 2.0 6 0.15 0.1 1.0 0.2 0.8
0.30 0.0 2.0 6 0.15 0.1 1.0 0.3 0.5
0.30 0.0 2.0 6 0.15 0.5 0.0 0.1 0.9
0.30 0.0 2.0 6 0.15 0.5 0.0 0.2 0.8
0.30 0.0 2.0 6 0.15 0.5 0.0 0.3 0.5
0.30 0.0 2.0 6 0.15 0.5 0.25 0.1 0.9
0.30 0.0 2.0 6 0.15 0.5 0.25 0.2 0.8
0.30 0.0 2.0 6 0.15 0.5 0.25 0.3 0.5
0.30 0.0 2.0 6 0.15 0.5 0.5 0.1 0.9
0.30 0.0 2.0 6 0.15 0.5 0.5 0.2 0.8
0.30 0.0 2.0 6 0.15 0.5 0.5 0.3 0.5
0.30 0.0 2.0 6 0.15 0.5 0.75 0.1 0.9
0.30 0.0 2.0 6 0.15 0.5 0.75 0.2 0.8
0.30 0.0 2.0 6 0.15 0.5 0.75 0.3 0.5
0.30 0.0 2.0 6 0.15 0.5 1.0 0.1 0.9
0.30 0.0 2.0 6 0.15 0.5 1.0 0.2 0.8
0.30 0.0 2.0 6 0.15 0.5 1.0 0.3 0.5
0.30 0.0 3.0 6 0.05 0.1 0.0 0.1 0.9
0.30 0.0 3.0 6 0.05 0.1 0.0 0.2 0.8
0.30 0.0 3.0 6 0.05 0.1 0.0 0.3 0.5
0.30 0.0 3.0 6 0.05 0.1 0.25 0.1 0.9
0.30 0.0 3.0 6 0.05 0.1 0.25 0.2 0.8
0.30 0.0 3.0 6 0.05 0.1 0.25 0.3 0.5
0.30 0.0 3.0 6 0.05 0.1 0.5 0.1 0.9
0.30 0.0 3.0 6 0.05 0.1 0.5 0.2 0.8
0.30 0.0 3.0 6 0.05 0.1 0.5 0.3 0.5
0.30 0.0 3.0 6 0.05 0.1 0.75 0.1 0.9
0.30 0.0 3.0 6 0.05 0.1 0.75 0.2 0.8
0.30 0.0 3.0 6 0.05 0.1 0.75 0.3 0.5
0.30 0.0 3.0 6 0.05 0.1 1.0 0.1 0.9
0.30 0.0 3.0 6 0.05 0.1 1.0 0.2 0.8
0.30 0.0 3.0 6 0.05 0.1 1.0 0.3 0.5
0.30 0.0 3.0 6 0.05 0.5 0.0 0.1 0.9
0.30 0.0 3.0 6 0.05 0.5 0.0 0.2 0.8
0.30 0.0 3.0 6 0.05 0.5 0.0 0.3 0.5
0.30 0.0 3.0 6 0.05 0.5 0.25 0.1 0.9
0.30 0.0 3.0 6 0.05 0.5 0.25 0.2 0.8
0.30 0.0 3.0 6 0.05 0.5 0.25 0.3 0.5
0.30 0.0 3.0 6 0.05 0.5 0.5 0.1 0.9
0.30 0.0 3.0 6 0.05 0.5 0.5 0.2 0.8
0.30 0.0 3.0 6 0.05 0.5 0.5 0.3 0.5
0.30 0.0 3.0 6 0.05 0.5 0.75 0.1 0.9
0.30 0.0 3.0 6 0.05 0.5 0.75 0.2 0.8
0.30 0.0 3.0 6 0.05 0.5 0.75 0.3 0.5
0.30 0.0 3.0 6 0.05 0.5 1.0 0.1 0.9
0.30 0.0 3.0 6 0.05 0.5 1.0 0.2 0.8
0.30 0.0 3.0 6 0.05 0.5 1.0 0.3 0.5
0.30 0.0 3.0 6 0.15 0.1 0.0 0.1 0.9
0.30 0.0 3.0 6 0.15 0.1 0.0 0.2 0.8
0.30 0.0 3.0 6 0.15 0.1 0.0 0.3 0.5
0.30 0.0 3.0 6 0.15 0.1 0.25 0.1 0.9
0.30 0.0 3.0 6 0.15 0.1 0.25 0.2 0.8
0.30 0.0 3.0 6 0.15 0.1 0.25 0.3 0.5
0.30 0.0 3.0 6 0.15 0.1 0.5 0.1 0.9
0.30 0.0 3.0 6 0.15 0.1 0.5 0.2 0.8
0.30 0.0 3.0 6 0.15 0.1 0.5 0.3 0.5
0.30 0.0 3.0 6 0.15 0.1 0.75 0.1 0.9
0.30 0.0 3.0 6 0.15 0.1 0.75 0.2 0.8
0.30 0.0 3.0 6 0.15 0.1 0.75 0.3 0.5
0.30 0.0 3.0 6 0.15 0.1 1.0 0.1 0.9
0.30 0.0 3.0 6 0.15 0.1 1.0 0.2 0.8
0.30 0.0 3.0 6 0.15 0.1 1.0 0.3 0.5
0.30 0.0 3.0 6 0.15 0.5 0.0 0.1 0.9
0.30 0.0 3.0 6 0.15 0.5 0.0 0.2 0.8
0.30 0.0 3.0 6 0.15 0.5 0.0 0.3 0.5
0.30 0.0 3.0 6 0.15 0.5 0.25 0.1 0.9
0.30 0.0 3.0 6 0.15 0.5 0.25 0.2 0.8
0.30 0.0 3.0 6 0.15 0.5 0.25 0.3 0.5
0.30 0.0 3.0 6 0.15 0.5 0.5 0.1 0.9
0.30 0.0 3.0 6 0.15 0.5 0.5 0.2 0.8
0.30 0.0 3.0 6 0.15 0.5 0.5 0.3 0.5
0.30 0.0 3.0 6 0.15 0.5 0.75 0.1 0.9
0.30 0.0 3.0 6 0.15 0.5 0.75 0.2 0.8
0.30 0.0 3.0 6 0.15 0.5 0.75 0.3 0.5
0.30 0.0 3.0 6 0.15 0.5 1.0 0.1 0.9
0.30 0.0 3.0 6 0.15 0.5 1.0 0.2 0.8
0.30 0.0 3.0 6 0.15 0.5 1.0 0.3 0.5
0.30 0.2 2.0 6 0.05 0.1 0.0 0.1 0.9
0.30 0.2 2.0 6 0.05 0.1 0.0 0.2 0.8
0.30 0.2 2.0 6 0.05 0.1 0.0 0.3 0.5
0.30 0.2 2.0 6 0.05 0.1 0.25 0.1 0.9
0.30 0.2 2.0 6 0.05 0.1 0.25 0.2 0.8
0.30 0.2 2.0 6 0.05 0.1 0.25 0.3 0.5
0.30 0.2 2.0 6 0.05 0.1 0.5 0.1 0.9
0.30 0.2 2.0 6 0.05 0.1 0.5 0.2 0.8
0.30 0.2 2.0 6 0.05 0.1 0.5 0.3 0.5
0.30 0.2 2.0 6 0.05 0.1 0.75 0.1 0.9
0.30 0.2 2.0 6 0.05 0.1 0.75 0.2 0.8
0.30 0.2 2.0 6 0.05 0.1 0.75 0.3 0.5
0.30 0.2 2.0 6 0.05 0.1 1.0 0.1 0.9
0.30 0.2 2.0 6 0.05 0.1 1.0 0.2 0.8
0.30 0.2 2.0 6 0.05 0.1 1.0 0.3 0.5
0.30 0.2 2.0 6 0.05 0.5 0.0 0.1 0.9
0.30 0.2 2.0 6 0.05 0.5 0.0 0.2 0.8
0.30 0.2 2.0 6 0.05 0.5 0.0 0.3 0.5
0.30 0.2 2.0 6 0.05 0.5 0.25 0.1 0.9
0.30 0.2 2.0 6 0.05 0.5 0.25 0.2 0.8
0.30 0.2 2.0 6 0.05 0.5 0.25 0.3 0.5
0.30 0.2 2.0 6 0.05 0.5 0.5 0.1 0.9
0.30 0.2 2.0 6 0.05 0.5 0.5 0.2 0.8
0.30 0.2 2.0 6 0.05 0.5 0.5 0.3 0.5
0.30 0.2 2.0 6 0.05 0.5 0.75 0.1 0.9
0.30 0.2 2.0 6 0.05 0.5 0.75 0.2 0.8
0.30 0.2 2.0 6 0.05 0.5 0.75 0.3 0.5
0.30 0.2 2.0 6 0.05 0.5 1.0 0.1 0.9
0.30 0.2 2.0 6 0.05 0.5 1.0 0.2 0.8
0.30 0.2 2.0 6 0.05 0.5 1.0 0.3 0.5
0.30 0.2 2.0 6 0.15 0.1 0.0 0.1 0.9
0.30 0.2 2.0 6 0.15 0.1 0.0 0.2 0.8
0.30 0.2 2.0 6 0.15 0.1 0.0 0.3 0.5
0.30 0.2 2.0 6 0.15 0.1 0.25 0.1 0.9
0.30 0.2 2.0 6 0.15 0.1 0.25 0.2 0.8
0.30 0.2 2.0 6 0.15 0.1 0.25 0.3 0.5
0.30 0.2 2.0 6 0.15 0.1 0.5 0.1 0.9
0.30 0.2 2.0 6 0.15 0.1 0.5 0.2 0.8
0.30 0.2 2.0 6 0.15 0.1 0.5 0.3 0.5
0.30 0.2 2.0 6 0.15 0.1 0.75 0.1 0.9
0.30 0.2 2.0 6 0.15 0.1 0.75 0.2 0.8
0.30 0.2 2.0 6 0.15 0.1 0.75 0.3 0.5
0.30 0.2 2.0 6 0.15 0.1 1.0 0.1 0.9
0.30 0.2 2.0 6 0.15 0.1 1.0 0.2 0.8
0.30 0.2 2.0 6 0.15 0.1 1.0 0.3 0.5
0.30 0.2 2.0 6 0.15 0.5 0.0 0.1 0.9
0.30 0.2 2.0 6 0.15 0.5 0.0 0.2 0.8
0.30 0.2 2.0 6 0.15 0.5 0.0 0.3 0.5
0.30 0.2 2.0 6 0.15 0.5 0.25 0.1 0.9
0.30 0.2 2.0 6 0.15 0.5 0.25 0.2 0.8
0.30 0.2 2.0 6 0.15 0.5 0.25 0.3 0.5
0.30 0.2 2.0 6 0.15 0.5 0.5 0.1 0.9
0.30 0.2 2.0 6 0.15 0.5 0.5 0.2 0.8
0.30 0.2 2.0 6 0.15 0.5 0.5 0.3 0.5
0.30 0.2 2.0 6 0.15 0.5 0.75 0.1 0.9
0.30 0.2 2.0 6 0.15 0.5 0.75 0.2 0.8
0.30 0.2 2.0 6 0.15 0.5 0.75 0.3 0.5
0.30 0.2 2.0 6 0.15 0.5 1.0 0.1 0.9
0.30 0.2 2.0 6 0.15 0.5 1.0 0.2 0.8
0.30 0.2 2.0 6 0.15 0.5 1.0 0.3 0.5
0.30 0.2 3.0 6 0.05 0.1 0.0 0.1 0.9
0.30 0.2 3.0 6 0.05 0.1 0.0 0.2 0.8
0.30 0.2 3.0 6 0.05 0.1 0.0 0.3 0.5
0.30 0.2 3.0 6 0.05 0.1 0.25 0.1 0.9
0.30 0.2 3.0 6 0.05 0.1 0.25 0.2 0.8
0.30 0.2 3.0 6 0.05 0.1 0.25 0.3 0.5
0.30 0.2 3.0 6 0.05 0.1 0.5 0.1 0.9
0.30 0.2 3.0 6 0.05 0.1 0.5 0.2 0.8
0.30 0.2 3.0 6 0.05 0.1 0.5 0.3 0.5
0.30 0.2 3.0 6 0.05 0.1 0.75 0.1 0.9
0.30 0.2 3.0 6 0.05 0.1 0.75 0.2 0.8
0.30 0.2 3.0 6 0.05 0.1 0.75 0.3 0.5
0.30 0.2 3.0 6 0.05 0.1 1.0 0.1 0.9
0.30 0.2 3.0 6 0.05 0.1 1.0 0.2 0.8
0.30 0.2 3.0 6 0.05 0.1 1.0 0.3 0.5
0.30 0.2 3.0 6 0.05 0.5 0.0 0.1 0.9
0.30 0.2 3.0 6 0.05 0.5 0.0 0.2 0.8
0.30 0.2 3.0 6 0.05 0.5 0.0 0.3 0.5
0.30 0.2 3.0 6 0.05 0.5 0.25 0.1 0.9
0.30 0.2 3.0 6 0.05 0.5 0.25 0.2 0.8
0.30 0.2 3.0 6 0.05 0.5 0.25 0.3 0.5
0.30 0.2 3.0 6 0.05 0.5 0.5 0.1 0.9
0.30 0.2 3.0 6 0.05 0.5 0.5 0.2 0.8
0.30 0.2 3.0 6 0.05 0.5 0.5 0.3 0.5
0.30 0.2 3.0 6 0.05 0.5 0.75 0.1 0.9
0.30 0.2 3.0 6 0.05 0.5 0.75 0.2 0.8
0.30 0.2 3.0 6 0.05 0.5 0.75 0.3 0.5
0.30 0.2 3.0 6 0.05 0.5 1.0 0.1 0.9
0.30 0.2 3.0 6 0.05 0.5 1.0 0.2 0.8
0.30 0.2 3.0 6 0.05 0.5 1.0 0.3 0.5
0.30 0.2 3.0 6 0.15 0.1 0.0 0.1 0.9
0.30 0.2 3.0 6 0.15 0.1 0.0 0.2 0.8
0.30 0.2 3.0 6 0.15 0.1 0.0 0.3 0.5
0.30 0.2 3.0 6 0.15 0.1 0.25 0.1 0.9
0.30 0.2 3.0 6 0.15 0.1 0.25 0.2 0.8
0.30 0.2 3.0 6 0.15 0.1 0.25 0.3 0.5
0.30 0.2 3.0 6 0.15 0.1 0.5 0.1 0.9
0.30 0.2 3.0 6 0.15 0.1 0.5 0.2 0.8
0.30 0.2 3.0 6 0.15 0.1 0.5 0.3 0.5
0.30 0.2 3.0 6 0.15 0.1 0.75 0.1 0.9
0.30 0.2 3.0 6 0.15 0.1 0.75 0.2 0.8
0.30 0.2 3.0 6 0.15 0.1 0.75 0.3 0.5
0.30 0.2 3.0 6 0.15 0.1 1.0 0.1 0.9
0.30 0.2 3.0 6 0.15 0.1 1.0 0.2 0.8
0.30 0.2 3.0 6 0.15 0.1 1.0 0.3 0.5
0.30 0.2 3.0 6 0.15 0.5 0.0 0.1 0.9
0.30 0.2 3.0 6 0.15 0.5 0.0 0.2 0.8
0.30 0.2 3.0 6 0.15 0.5 0.0 0.3 0.5
0.30 0.2 3.0 6 0.15 0.5 0.25 0.1 0.9
0.30 0.2 3.0 6 0.15 0.5 0.25 0.2 0.8
0.30 0.2 3.0 6 0.15 0.5 0.25 0.3 0.5
0.30 0.2 3.0 6 0.15 0.5 0.5 0.1 0.9
0.30 0.2 3.0 6 0.15 0.5 0.5 0.2 0.8
0.30 0.2 3.0 6 0.15 0.5 0.5 0.3 0.5
0.30 0.2 3.0 6 0.15 0.5 0.75 0.1 0.9
0.30 0.2 3.0 6 0.15 0.5 0.75 0.2 0.8
0.30 0.2 3.0 6 0.15 0.5 0.75 0.3 0.5
0.30 0.2 3.0 6 0.15 0.5 1.0 0.1 0.9
0.30 0.2 3.0 6 0.15 0.5 1.0 0.2 0.8
0.30 0.2 3.0 6 0.15 0.5 1.0 0.3 0.5
0.30 0.5 2.0 6 0.05 0.1 0.0 0.1 0.9
0.30 0.5 2.0 6 0.05 0.1 0.0 0.2 0.8
0.30 0.5 2.0 6 0.05 0.1 0.0 0.3 0.5
0.30 0.5 2.0 6 0.05 0.1 0.25 0.1 0.9
0.30 0.5 2.0 6 0.05 0.1 0.25 0.2 0.8
0.30 0.5 2.0 6 0.05 0.1 0.25 0.3 0.5
0.30 0.5 2.0 6 0.05 0.1 0.5 0.1 0.9
0.30 0.5 2.0 6 0.05 0.1 0.5 0.2 0.8
0.30 0.5 2.0 6 0.05 0.1 0.5 0.3 0.5
0.30 0.5 2.0 6 0.05 0.1 0.75 0.1 0.9
0.30 0.5 2.0 6 0.05 0.1 0.75 0.2 0.8
0.30 0.5 2.0 6 0.05 0.1 0.75 0.3 0.5
0.30 0.5 2.0 6 0.05 0.1 1.0 0.1 0.9
0.30 0.5 2.0 6 0.05 0.1 1.0 0.2 0.8
0.30 0.5 2.0 6 0.05 0.1 1.0 0.3 0.5
0.30 0.5 2.0 6 0.05 0.5 0.0 0.1 0.9
0.30 0.5 2.0 6 0.05 0.5 0.0 0.2 0.8
0.30 0.5 2.0 6 0.05 0.5 0.0 0.3 0.5
0.30 0.5 2.0 6 0.05 0.5 0.25 0.1 0.9
0.30 0.5 2.0 6 0.05 0.5 0.25 0.2 0.8
0.30 0.5 2.0 6 0.05 0.5 0.25 0.3 0.5
0.30 0.5 2.0 6 0.05 0.5 0.5 0.1 0.9
0.30 0.5 2.0 6 0.05 0.5 0.5 0.2 0.8
0.30 0.5 2.0 6 0.05 0.5 0.5 0.3 0.5
0.30 0.5 2.0 6 0.05 0.5 0.75 0.1 0.9
0.30 0.5 2.0 6 0.05 0.5 0.75 0.2 0.8
0.30 0.5 2.0 6 0.05 0.5 0.75 0.3 0.5
0.30 0.5 2.0 6 0.05 0.5 1.0 0.1 0.9
0.30 0.5 2.0 6 0.05 0.5 1.0 0.2 0.8
0.30 0.5 2.0 6 0.05 0.5 1.0 0.3 0.5
0.30 0.5 2.0 6 0.15 0.1 0.0 0.1 0.9
0.30 0.5 2.0 6 0.15 0.1 0.0 0.2 0.8
0.30 0.5 2.0 6 0.15 0.1 0.0 0.3 0.5
0.30 0.5 2.0 6 0.15 0.1 0.25 0.1 0.9
0.30 0.5 2.0 6 0.15 0.1 0.25 0.2 0.8
0.30 0.5 2.0 6 0.15 0.1 0.25 0.3 0.5
0.30 0.5 2.0 6 0.15 0.1 0.5 0.1 0.9
0.30 0.5 2.0 6 0.15 0.1 0.5 0.2 0.8
0.30 0.5 2.0 6 0.15 0.1 0.5 0.3 0.5
0.30 0.5 2.0 6 0.15 0.1 0.75 0.1 0.9
0.30 0.5 2.0 6 0.15 0.1 0.75 0.2 0.8
0.30 0.5 2.0 6 0.15 0.1 0.75 0.3 0.5
0.30 0.5 2.0 6 0.15 0.1 1.0 0.1 0.9
0.30 0.5 2.0 6 0.15 0.1 1.0 0.2 0.8
0.30 0.5 2.0 6 0.15 0.1 1.0 0.3 0.5
0.30 0.5 2.0 6 0.15 0.5 0.0 0.1 0.9
0.30 0.5 2.0 6 0.15 0.5 0.0 0.2 0.8
0.30 0.5 2.0 6 0.15 0.5 0.0 0.3 0.5
0.30 0.5 2.0 6 0.15 0.5 0.25 0.1 0.9
0.30 0.5 2.0 6 0.15 0.5 0.25 0.2 0.8
0.30 0.5 2.0 6 0.15 0.5 0.25 0.3 0.5
0.30 0.5 2.0 6 0.15 0.5 0.5 0.1 0.9
0.30 0.5 2.0 6 0.15 0.5 0.5 0.2 0.8
0.30 0.5 2.0 6 0.15 0.5 0.5 0.3 0.5
0.30 0.5 2.0 6 0.15 0.5 0.75 0.1 0.9
0.30 0.5 2.0 6 0.15 0.5 0.75 0.2 0.8
0.30 0.5 2.0 6 0.15 0.5 0.75 0.3 0.5
0.30 0.5 2.0 6 0.15 0.5 1.0 0.1 0.9
0.30 0.5 2.0 6 0.15 0.5 1.0 0.2 0.8
0.30 0.5 2.0 6 0.15 0.5 1.0 0.3 0.5
0.30 0.5 3.0 6 0.05 0.1 0.0 0.1 0.9
0.30 0.5 3.0 6 0.05 0.1 0.0 0.2 0.8
0.30 0.5 3.0 6 0.05 0.1 0.0 0.3 0.5
0.30 0.5 3.0 6 0.05 0.1 0.25 0.1 0.9
0.30 0.5 3.0 6 0.05 0.1 0.25 0.2 0.8
0.30 0.5 3.0 6 0.05 0.1 0.25 0.3 0.5
0.30 0.5 3.0 6 0.05 0.1 0.5 0.1 0.9
0.30 0.5 3.0 6 0.05 0.1 0.5 0.2 0.8
0.30 0.5 3.0 6 0.05 0.1 0.5 0.3 0.5
0.30 0.5 3.0 6 0.05 0.1 0.75 0.1 0.9
0.30 0.5 3.0 6 0.05 0.1 0.75 0.2 0.8
0.30 0.5 3.0 6 0.05 0.1 0.75 0.3 0.5
0.30 0.5 3.0 6 0.05 0.1 1.0 0.1 0.9
0.30 0.5 3.0 6 0.05 0.1 1.0 0.2 0.8
0.30 0.5 3.0 6 0.05 0.1 1.0 0.3 0.5
0.30 0.5 3.0 6 0.05 0.5 0.0 0.1 0.9
0.30 0.5 3.0 6 0.05 0.5 0.0 0.2 0.8
0.30 0.5 3.0 6 0.05 0.5 0.0 0.3 0.5
0.30 0.5 3.0 6 0.05 0.5 0.25 0.1 0.9
0.30 0.5 3.0 6 0.05 0.5 0.25 0.2 0.8
0.30 0.5 3.0 6 0.05 0.5 0.25 0.3 0.5
0.30 0.5 3.0 6 0.05 0.5 0.5 0.1 0.9
0.30 0.5 3.0 6 0.05 0.5 0.5 0.2 0.8
0.30 0.5 3.0 6 0.05 0.5 0.5 0.3 0.5
0.30 0.5 3.0 6 0.05 0.5 0.75 0.1 0.9
0.30 0.5 3.0 6 0.05 0.5 0.75 0.2 0.8
0.30 0.5 3.0 6 0.05 0.5 0.75 0.3 0.5
0.30 0.5 3.0 6 0.05 0.5 1.0 0.1 0.9
0.30 0.5 3.0 6 0.05 0.5 1.0 0.2 0.8
0.30 0.5 3.0 6 0.05 0.5 1.0 0.3 0.5
0.30 0.5 3.0 6 0.15 0.1 0.0 0.1 0.9
0.30 0.5 3.0 6 0.15 0.1 0.0 0.2 0.8
0.30 0.5 3.0 6 0.15 0.1 0.0 0.3 0.5
0.30 0.5 3.0 6 0.15 0.1 0.25 0.1 0.9
0.30 0.5 3.0 6 0.15 0.1 0.25 0.2 0.8
0.30 0.5 3.0 6 0.15 0.1 0.25 0.3 0.5
0.30 0.5 3.0 6 0.15 0.1 0.5 0.1 0.9
0.30 0.5 3.0 6 0.15 0.1 0.5 0.2 0.8
0.30 0.5 3.0 6 0.15 0.1 0.5 0.3 0.5
0.30 0.5 3.0 6 0.15 0.1 0.75 0.1 0.9
0.30 0.5 3.0 6 0.15 0.1 0.75 0.2 0.8
0.30 0.5 3.0 6 0.15 0.1 0.75 0.3 0.5
0.30 0.5 3.0 6 0.15 0.1 1.0 0.1 0.9
0.30 0.5 3.0 6 0.15 0.1 1.0 0.2 0.8
0.30 0.5 3.0 6 0.15 0.1 1.0 0.3 0.5
0.30 0.5 3.0 6 0.15 0.5 0.0 0.1 0.9
0.30 0.5 3.0 6 0.15 0.5 0.0 0.2 0.8
0.30 0.5 3.0 6 0.15 0.5 0.0 0.3 0.5
0.30 0.5 3.0 6 0.15 0.5 0.25 0.1 0.9
0.30 0.5 3.0 6 0.15 0.5 0.25 0.2 0.8
0.30 0.5 3.0 6 0.15 0.5 0.25 0.3 0.5
0.30 0.5 3.0 6 0.15 0.5 0.5 0.1 0.9
0.30 0.5 3.0 6 0.15 0.5 0.5 0.2 0.8
0.30 0.5 3.0 6 0.15 0.5 0.5 0.3 0.5
0.30 0.5 3.0 6 0.15 0.5 0.75 0.1 0.9
0.30 0.5 3.0 6 0.15 0.5 0.75 0.2 0.8
0.30 0.5 3.0 6 0.15 0.5 0.75 0.3 0.5
0.30 0.5 3.0 6 0.15 0.5 1.0 0.1 0.9
0.30 0.5 3.0 6 0.15 0.5 1.0 0.2 0.8
0.30 0.5 3.0 6 0.15 0.5 1.0 0.3 0.5
0.35 0.0 2.0 6 0.05 0.1 0.0 0.1 0.9
0.35 0.0 2.0 6 0.05 0.1 0.0 0.2 0.8
0.35 0.0 2.0 6 0.05 0.1 0.0 0.3 0.5
0.35 0.0 2.0 6 0.05 0.1 0.25 0.1 0.9
0.35 0.0 2.0 6 0.05 0.1 0.25 0.2 0.8
0.35 0.0 2.0 6 0.05 0.1 0.25 0.3 0.5
0.35 0.0 2.0 6 0.05 0.1 0.5 0.1 0.9
0.35 0.0 2.0 6 0.05 0.1 0.5 0.2 0.8
0.35 0.0 2.0 6 0.05 0.1 0.5 0.3 0.5
0.35 0.0 2.0 6 0.05 0.1 0.75 0.1 0.9
0.35 0.0 2.0 6 0.05 0.1 0.75 0.2 0.8
0.35 0.0 2.0 6 0.05 0.1 0.75 0.3 0.5
0.35 0.0 2.0 6 0.05 0.1 1.0 0.1 0.9
0.35 0.0 2.0 6 0.05 0.1 1.0 0.2 0.8
0.35 0.0 2.0 6 0.05 0.1 1.0 0.3 0.5
0.35 0.0 2.0 6 0.05 0.5 0.0 0.1 0.9
0.35 0.0 2.0 6 0.05 0.5 0.0 0.2 0.8
0.35 0.0 2.0 6 0.05 0.5 0.0 0.3 0.5
0.35 0.0 2.0 6 0.05 0.5 0.25 0.1 0.9
0.35 0.0 2.0 6 0.05 0.5 0.25 0.2 0.8
0.35 0.0 2.0 6 0.05 0.5 0.25 0.3 0.5
0.35 0.0 2.0 6 0.05 0.5 0.5 0.1 0.9
0.35 0.0 2.0 6 0.05 0.5 0.5 0.2 0.8
0.35 0.0 2.0 6 0.05 0.5 0.5 0.3 0.5
0.35 0.0 2.0 6 0.05 0.5 0.75 0.1 0.9
0.35 0.0 2.0 6 0.05 0.5 0.75 0.2 0.8
0.35 0.0 2.0 6 0.05 0.5 0.75 0.3 0.5
0.35 0.0 2.0 6 0.05 0.5 1.0 0.1 0.9
0.35 0.0 2.0 6 0.05 0.5 1.0 0.2 0.8
0.35 0.0 2.0 6 0.05 0.5 1.0 0.3 0.5
0.35 0.0 2.0 6 0.15 0.1 0.0 0.1 0.9
0.35 0.0 2.0 6 0.15 0.1 0.0 0.2 0.8
0.35 0.0 2.0 6 0.15 0.1 0.0 0.3 0.5
0.35 0.0 2.0 6 0.15 0.1 0.25 0.1 0.9
0.35 0.0 2.0 6 0.15 0.1 0.25 0.2 0.8
0.35 0.0 2.0 6 0.15 0.1 0.25 0.3 0.5
0.35 0.0 2.0 6 0.15 0.1 0.5 0.1 0.9
0.35 0.0 2.0 6 0.15 0.1 0.5 0.2 0.8
0.35 0.0 2.0 6 0.15 0.1 0.5 0.3 0.5
0.35 0.0 2.0 6 0.15 0.1 0.75 0.1 0.9
0.35 0.0 2.0 6 0.15 0.1 0.75 0.2 0.8
0.35 0.0 2.0 6 0.15 0.1 0.75 0.3 0.5
0.35 0.0 2.0 6 0.15 0.1 1.0 0.1 0.9
0.35 0.0 2.0 6 0.15 0.1 1.0 0.2 0.8
0.35 0.0 2.0 6 0.15 0.1 1.0 0.3 0.5
0.35 0.0 2.0 6 0.15 0.5 0.0 0.1 0.9
0.35 0.0 2.0 6 0.15 0.5 0.0 0.2 0.8
0.35 0.0 2.0 6 0.15 0.5 0.0 0.3 0.5
0.35 0.0 2.0 6 0.15 0.5 0.25 0.1 0.9
0.35 0.0 2.0 6 0.15 0.5 0.25 0.2 0.8
0.35 0.0 2.0 6 0.15 0.5 0.25 0.3 0.5
0.35 0.0 2.0 6 0.15 0.5 0.5 0.1 0.9
0.35 0.0 2.0 6 0.15 0.5 0.5 0.2 0.8
0.35 0.0 2.0 6 0.15 0.5 0.5 0.3 0.5
0.35 0.0 2.0 6 0.15 0.5 0.75 0.1 0.9
0.35 0.0 2.0 6 0.15 0.5 0.75 0.2 0.8
0.35 0.0 2.0 6 0.15 0.5 0.75 0.3 0.5
0.35 0.0 2.0 6 0.15 0.5 1.0 0.1 0.9
0.35 0.0 2.0 6 0.15 0.5 1.0 0.2 0.8
0.35 0.0 2.0 6 0.15 0.5 1.0 0.3 0.5
0.35 0.0 3.0 6 0.05 0.1 0.0 0.1 0.9
0.35 0.0 3.0 6 0.05 0.1 0.0 0.2 0.8
0.35 0.0 3.0 6 0.05 0.1 0.0 0.3 0.5
0.35 0.0 3.0 6 0.05 0.1 0.25 0.1 0.9
0.35 0.0 3.0 6 0.05 0.1 0.25 0.2 0.8
0.35 0.0 3.0 6 0.05 0.1 0.25 0.3 0.5
0.35 0.0 3.0 6 0.05 0.1 0.5 0.1 0.9
0.35 0.0 3.0 6 0.05 0.1 0.5 0.2 0.8
0.35 0.0 3.0 6 0.05 0.1 0.5 0.3 0.5
0.35 0.0 3.0 6 0.05 0.1 0.75 0.1 0.9
0.35 0.0 3.0 6 0.05 0.1 0.75 0.2 0.8
0.35 0.0 3.0 6 0.05 0.1 0.75 0.3 0.5
0.35 0.0 3.0 6 0.05 0.1 1.0 0.1 0.9
0.35 0.0 3.0 6 0.05 0.1 1.0 0.2 0.8
0.35 0.0 3.0 6 0.05 0.1 1.0 0.3 0.5
0.35 0.0 3.0 6 0.05 0.5 0.0 0.1 0.9
0.35 0.0 3.0 6 0.05 0.5 0.0 0.2 0.8
0.35 0.0 3.0 6 0.05 0.5 0.0 0.3 0.5
0.35 0.0 3.0 6 0.05 0.5 0.25 0.1 0.9
0.35 0.0 3.0 6 0.05 0.5 0.25 0.2 0.8
0.35 0.0 3.0 6 0.05 0.5 0.25 0.3 0.5
0.35 0.0 3.0 6 0.05 0.5 0.5 0.1 0.9
0.35 0.0 3.0 6 0.05 0.5 0.5 0.2 0.8
0.35 0.0 3.0 6 0.05 0.5 0.5 0.3 0.5
0.35 0.0 3.0 6 0.05 0.5 0.75 0.1 0.9
0.35 0.0 3.0 6 0.05 0.5 0.75 0.2 0.8
0.35 0.0 3.0 6 0.05 0.5 0.75 0.3 0.5
0.35 0.0 3.0 6 0.05 0.5 1.0 0.1 0.9
0.35 0.0 3.0 6 0.05 0.5 1.0 0.2 0.8
0.35 0.0 3.0 6 0.05 0.5 1.0 0.3 0.5
0.35 0.0 3.0 6 0.15 0.1 0.0 0.1 0.9
0.35 0.0 3.0 6 0.15 0.1 0.0 0.2 0.8
0.35 0.0 3.0 6 0.15 0.1 0.0 0.3 0.5
0.35 0.0 3.0 6 0.15 0.1 0.25 0.1 0.9
0.35 0.0 3.0 6 0.15 0.1 0.25 0.2 0.8
0.35 0.0 3.0 6 0.15 0.1 0.25 0.3 0.5
0.35 0.0 3.0 6 0.15 0.1 0.5 0.1 0.9
0.35 0.0 3.0 6 0.15 0.1 0.5 0.2 0.8
0.35 0.0 3.0 6 0.15 0.1 0.5 0.3 0.5
0.35 0.0 3.0 6 0.15 0.1 0.75 0.1 0.9
0.35 0.0 3.0 6 0.15 0.1 0.75 0.2 0.8
0.35 0.0 3.0 6 0.15 0.1 0.75 0.3 0.5
0.35 0.0 3.0 6 0.15 0.1 1.0 0.1 0.9
0.35 0.0 3.0 6 0.15 0.1 1.0 0.2 0.8
0.35 0.0 3.0 6 0.15 0.1 1.0 0.3 0.5
0.35 0.0 3.0 6 0.15 0.5 0.0 0.1 0.9
0.35 0.0 3.0 6 0.15 0.5 0.0 0.2 0.8
0.35 0.0 3.0 6 0.15 0.5 0.0 0.3 0.5
0.35 0.0 3.0 6 0.15 0.5 0.25 0.1 0.9
0.35 0.0 3.0 6 0.15 0.5 0.25 0.2 0.8
0.35 0.0 3.0 6 0.15 0.5 0.25 0.3 0.5
0.35 0.0 3.0 6 0.15 0.5 0.5 0.1 0.9
0.35 0.0 3.0 6 0.15 0.5 0.5 0.2 0.8
0.35 0.0 3.0 6 0.15 0.5 0.5 0.3 0.5
0.35 0.0 3.0 6 0.15 0.5 0.75 0.1 0.9
0.35 0.0 3.0 6 0.15 0.5 0.75 0.2 0.8
0.35 0.0 3.0 6 0.15 0.5 0.75 0.3 0.5
0.35 0.0 3.0 6 0.15 0.5 1.0 0.1 0.9
0.35 0.0 3.0 6 0.15 0.5 1.0 0.2 0.8
0.35 0.0 3.0 6 0.15 0.5 1.0 0.3 0.5
0.35 0.2 2.0 6 0.05 0.1 0.0 0.1 0.9
0.35 0.2 2.0 6 0.05 0.1 0.0 0.2 0.8
0.35 0.2 2.0 6 0.05 0.1 0.0 0.3 0.5
0.35 0.2 2.0 6 0.05 0.1 0.25 0.1 0.9
0.35 0.2 2.0 6 0.05 0.1 0.25 0.2 0.8
0.35 0.2 2.0 6 0.05 0.1 0.25 0.3 0.5
0.35 0.2 2.0 6 0.05 0.1 0.5 0.1 0.9
0.35 0.2 2.0 6 0.05 0.1 0.5 0.2 0.8
0.35 0.2 2.0 6 0.05 0.1 0.5 0.3 0.5
0.35 0.2 2.0 6 0.05 0.1 0.75 0.1 0.9
0.35 0.2 2.0 6 0.05 0.1 0.75 0.2 0.8
0.35 0.2 2.0 6 0.05 0.1 0.75 0.3 0.5
0.35 0.2 2.0 6 0.05 0.1 1.0 0.1 0.9
0.35 0.2 2.0 6 0.05 0.1 1.0 0.2 0.8
0.35 0.2 2.0 6 0.05 0.1 1.0 0.3 0.5
0.35 0.2 2.0 6 0.05 0.5 0.0 0.1 0.9
0.35 0.2 2.0 6 0.05 0.5 0.0 0.2 0.8
0.35 0.2 2.0 6 0.05 0.5 0.0 0.3 0.5
0.35 0.2 2.0 6 0.05 0.5 0.25 0.1 0.9
0.35 0.2 2.0 6 0.05 0.5 0.25 0.2 0.8
0.35 0.2 2.0 6 0.05 0.5 0.25 0.3 0.5
0.35 0.2 2.0 6 0.05 0.5 0.5 0.1 0.9
0.35 0.2 2.0 6 0.05 0.5 0.5 0.2 0.8
0.35 0.2 2.0 6 0.05 0.5 0.5 0.3 0.5
0.35 0.2 2.0 6 0.05 0.5 0.75 0.1 0.9
0.35 0.2 2.0 6 0.05 0.5 0.75 0.2 0.8
0.35 0.2 2.0 6 0.05 0.5 0.75 0.3 0.5
0.35 0.2 2.0 6 0.05 0.5 1.0 0.1 0.9
0.35 0.2 2.0 6 0.05 0.5 1.0 0.2 0.8
0.35 0.2 2.0 6 0.05 0.5 1.0 0.3 0.5
0.35 0.2 2.0 6 0.15 0.1 0.0 0.1 0.9
0.35 0.2 2.0 6 0.15 0.1 0.0 0.2 0.8
0.35 0.2 2.0 6 0.15 0.1 0.0 0.3 0.5
0.35 0.2 2.0 6 0.15 0.1 0.25 0.1 0.9
0.35 0.2 2.0 6 0.15 0.1 0.25 0.2 0.8
0.35 0.2 2.0 6 0.15 0.1 0.25 0.3 0.5
0.35 0.2 2.0 6 0.15 0.1 0.5 0.1 0.9
0.35 0.2 2.0 6 0.15 0.1 0.5 0.2 0.8
0.35 0.2 2.0 6 0.15 0.1 0.5 0.3 0.5
0.35 0.2 2.0 6 0.15 0.1 0.75 0.1 0.9
0.35 0.2 2.0 6 0.15 0.1 0.75 0.2 0.8
0.35 0.2 2.0 6 0.15 0.1 0.75 0.3 0.5
0.35 0.2 2.0 6 0.15 0.1 1.0 0.1 0.9
0.35 0.2 2.0 6 0.15 0.1 1.0 0.2 0.8
0.35 0.2 2.0 6 0.15 0.1 1.0 0.3 0.5
0.35 0.2 2.0 6 0.15 0.5 0.0 0.1 0.9
0.35 0.2 2.0 6 0.15 0.5 0.0 0.2 0.8
0.35 0.2 2.0 6 0.15 0.5 0.0 0.3 0.5
0.35 0.2 2.0 6 0.15 0.5 0.25 0.1 0.9
0.35 0.2 2.0 6 0.15 0.5 0.25 0.2 0.8
0.35 0.2 2.0 6 0.15 0.5 0.25 0.3 0.5
0.35 0.2 2.0 6 0.15 0.5 0.5 0.1 0.9
0.35 0.2 2.0 6 0.15 0.5 0.5 0.2 0.8
0.35 0.2 2.0 6 0.15 0.5 0.5 0.3 0.5
0.35 0.2 2.0 6 0.15 0.5 0.75 0.1 0.9
0.35 0.2 2.0 6 0.15 0.5 0.75 0.2 0.8
0.35 0.2 2.0 6 0.15 0.5 0.75 0.3 0.5
0.35 0.2 2.0 6 0.15 0.5 1.0 0.1 0.9
0.35 0.2 2.0 6 0.15 0.5 1.0 0.2 0.8
0.35 0.2 2.0 6 0.15 0.5 1.0 0.3 0.5
0.35 0.2 3.0 6 0.05 0.1 0.0 0.1 0.9
0.35 0.2 3.0 6 0.05 0.1 0.0 0.2 0.8
0.35 0.2 3.0 6 0.05 0.1 0.0 0.3 0.5
0.35 0.2 3.0 6 0.05 0.1 0.25 0.1 0.9
0.35 0.2 3.0 6 0.05 0.1 0.25 0.2 0.8
0.35 0.2 3.0 6 0.05 0.1 0.25 0.3 0.5
0.35 0.2 3.0 6 0.05 0.1 0.5 0.1 0.9
0.35 0.2 3.0 6 0.05 0.1 0.5 0.2 0.8
0.35 0.2 3.0 6 0.05 0.1 0.5 0.3 0.5
0.35 0.2 3.0 6 0.05 0.1 0.75 0.1 0.9
0.35 0.2 3.0 6 0.05 0.1 0.75 0.2 0.8
0.35 0.2 3.0 6 0.05 0.1 0.75 0.3 0.5
0.35 0.2 3.0 6 0.05 0.1 1.0 0.1 0.9
0.35 0.2 3.0 6 0.05 0.1 1.0 0.2 0.8
0.35 0.2 3.0 6 0.05 0.1 1.0 0.3 0.5
0.35 0.2 3.0 6 0.05 0.5 0.0 0.1 0.9
0.35 0.2 3.0 6 0.05 0.5 0.0 0.2 0.8
0.35 0.2 3.0 6 0.05 0.5 0.0 0.3 0.5
0.35 0.2 3.0 6 0.05 0.5 0.25 0.1 0.9
0.35 0.2 3.0 6 0.05 0.5 0.25 0.2 0.8
0.35 0.2 3.0 6 0.05 0.5 0.25 0.3 0.5
0.35 0.2 3.0 6 0.05 0.5 0.5 0.1 0.9
0.35 0.2 3.0 6 0.05 0.5 0.5 0.2 0.8
0.35 0.2 3.0 6 0.05 0.5 0.5 0.3 0.5
0.35 0.2 3.0 6 0.05 0.5 0.75 0.1 0.9
0.35 0.2 3.0 6 0.05 0.5 0.75 0.2 0.8
0.35 0.2 3.0 6 0.05 0.5 0.75 0.3 0.5
0.35 0.2 3.0 6 0.05 0.5 1.0 0.1 0.9
0.35 0.2 3.0 6 0.05 0.5 1.0 0.2 0.8
0.35 0.2 3.0 6 0.05 0.5 1.0 0.3 0.5
0.35 0.2 3.0 6 0.15 0.1 0.0 0.1 0.9
0.35 0.2 3.0 6 0.15 0.1 0.0 0.2 0.8
0.35 0.2 3.0 6 0.15 0.1 0.0 0.3 0.5
0.35 0.2 3.0 6 0.15 0.1 0.25 0.1 0.9
0.35 0.2 3.0 6 0.15 0.1 0.25 0.2 0.8
0.35 0.2 3.0 6 0.15 0.1 0.25 0.3 0.5
0.35 0.2 3.0 6 0.15 0.1 0.5 0.1 0.9
0.35 0.2 3.0 6 0.15 0.1 0.5 0.2 0.8
0.35 0.2 3.0 6 0.15 0.1 0.5 0.3 0.5
0.35 0.2 3.0 6 0.15 0.1 0.75 0.1 0.9
0.35 0.2 3.0 6 0.15 0.1 0.75 0.2 0.8
0.35 0.2 3.0 6 0.15 0.1 0.75 0.3 0.5
0.35 0.2 3.0 6 0.15 0.1 1.0 0.1 0.9
0.35 0.2 3.0 6 0.15 0.1 1.0 0.2 0.8
0.35 0.2 3.0 6 0.15 0.1 1.0 0.3 0.5
0.35 0.2 3.0 6 0.15 0.5 0.0 0.1 0.9
0.35 0.2 3.0 6 0.15 0.5 0.0 0.2 0.8
0.35 0.2 3.0 6 0.15 0.5 0.0 0.3 0.5
0.35 0.2 3.0 6 0.15 0.5 0.25 0.1 0.9
0.35 0.2 3.0 6 0.15 0.5 0.25 0.2 0.8
0.35 0.2 3.0 6 0.15 0.5 0.25 0.3 0.5
0.35 0.2 3.0 6 0.15 0.5 0.5 0.1 0.9
0.35 0.2 3.0 6 0.15 0.5 0.5 0.2 0.8
0.35 0.2 3.0 6 0.15 0.5 0.5 0.3 0.5
0.35 0.2 3.0 6 0.15 0.5 0.75 0.1 0.9
0.35 0.2 3.0 6 0.15 0.5 0.75 0.2 0.8
0.35 0.2 3.0 6 0.15 0.5 0.75 0.3 0.5
0.35 0.2 3.0 6 0.15 0.5 1.0 0.1 0.9
0.35 0.2 3.0 6 0.15 0.5 1.0 0.2 0.8
0.35 0.2 3.0 6 0.15 0.5 1.0 0.3 0.5
0.35 0.5 2.0 6 0.05 0.1 0.0 0.1 0.9
0.35 0.5 2.0 6 0.05 0.1 0.0 0.2 0.8
0.35 0.5 2.0 6 0.05 0.1 0.0 0.3 0.5
0.35 0.5 2.0 6 0.05 0.1 0.25 0.1 0.9
0.35 0.5 2.0 6 0.05 0.1 0.25 0.2 0.8
0.35 0.5 2.0 6 0.05 0.1 0.25 0.3 0.5
0.35 0.5 2.0 6 0.05 0.1 0.5 0.1 0.9
0.35 0.5 2.0 6 0.05 0.1 0.5 0.2 0.8
0.35 0.5 2.0 6 0.05 0.1 0.5 0.3 0.5
0.35 0.5 2.0 6 0.05 0.1 0.75 0.1 0.9
0.35 0.5 2.0 6 0.05 0.1 0.75 0.2 0.8
0.35 0.5 2.0 6 0.05 0.1 0.75 0.3 0.5
0.35 0.5 2.0 6 0.05 0.1 1.0 0.1 0.9
0.35 0.5 2.0 6 0.05 0.1 1.0 0.2 0.8
0.35 0.5 2.0 6 0.05 0.1 1.0 0.3 0.5
0.35 0.5 2.0 6 0.05 0.5 0.0 0.1 0.9
0.35 0.5 2.0 6 0.05 0.5 0.0 0.2 0.8
0.35 0.5 2.0 6 0.05 0.5 0.0 0.3 0.5
0.35 0.5 2.0 6 0.05 0.5 0.25 0.1 0.9
0.35 0.5 2.0 6 0.05 0.5 0.25 0.2 0.8
0.35 0.5 2.0 6 0.05 0.5 0.25 0.3 0.5
0.35 0.5 2.0 6 0.05 0.5 0.5 0.1 0.9
0.35 0.5 2.0 6 0.05 0.5 0.5 0.2 0.8
0.35 0.5 2.0 6 0.05 0.5 0.5 0.3 0.5
0.35 0.5 2.0 6 0.05 0.5 0.75 0.1 0.9
0.35 0.5 2.0 6 0.05 0.5 0.75 0.2 0.8
0.35 0.5 2.0 6 0.05 0.5 0.75 0.3 0.5
0.35 0.5 2.0 6 0.05 0.5 1.0 0.1 0.9
0.35 0.5 2.0 6 0.05 0.5 1.0 0.2 0.8
0.35 0.5 2.0 6 0.05 0.5 1.0 0.3 0.5
0.35 0.5 2.0 6 0.15 0.1 0.0 0.1 0.9
0.35 0.5 2.0 6 0.15 0.1 0.0 0.2 0.8
0.35 0.5 2.0 6 0.15 0.1 0.0 0.3 0.5
0.35 0.5 2.0 6 0.15 0.1 0.25 0.1 0.9
0.35 0.5 2.0 6 0.15 0.1 0.25 0.2 0.8
0.35 0.5 2.0 6 0.15 0.1 0.25 0.3 0.5
0.35 0.5 2.0 6 0.15 0.1 0.5 0.1 0.9
0.35 0.5 2.0 6 0.15 0.1 0.5 0.2 0.8
0.35 0.5 2.0 6 0.15 0.1 0.5 0.3 0.5
0.35 0.5 2.0 6 0.15 0.1 0.75 0.1 0.9
0.35 0.5 2.0 6 0.15 0.1 0.75 0.2 0.8
0.35 0.5 2.0 6 0.15 0.1 0.75 0.3 0.5
0.35 0.5 2.0 6 0.15 0.1 1.0 0.1 0.9
0.35 0.5 2.0 6 0.15 0.1 1.0 0.2 0.8
0.35 0.5 2.0 6 0.15 0.1 1.0 0.3 0.5
0.35 0.5 2.0 6 0.15 0.5 0.0 0.1 0.9
0.35 0.5 2.0 6 0.15 0.5 0.0 0.2 0.8
0.35 0.5 2.0 6 0.15 0.5 0.0 0.3 0.5
0.35 0.5 2.0 6 0.15 0.5 0.25 0.1 0.9
0.35 0.5 2.0 6 0.15 0.5 0.25 0.2 0.8
0.35 0.5 2.0 6 0.15 0.5 0.25 0.3 0.5
0.35 0.5 2.0 6 0.15 0.5 0.5 0.1 0.9
0.35 0.5 2.0 6 0.15 0.5 0.5 0.2 0.8
0.35 0.5 2.0 6 0.15 0.5 0.5 0.3 0.5
0.35 0.5 2.0 6 0.15 0.5 0.75 0.1 0.9
0.35 0.5 2.0 6 0.15 0.5 0.75 0.2 0.8
0.35 0.5 2.0 6 0.15 0.5 0.75 0.3 0.5
0.35 0.5 2.0 6 0.15 0.5 1.0 0.1 0.9
0.35 0.5 2.0 6 0.15 0.5 1.0 0.2 0.8
0.35 0.5 2.0 6 0.15 0.5 1.0 0.3 0.5
0.35 0.5 3.0 6 0.05 0.1 0.0 0.1 0.9
0.35 0.5 3.0 6 0.05 0.1 0.0 0.2 0.8
0.35 0.5 3.0 6 0.05 0.1 0.0 0.3 0.5
0.35 0.5 3.0 6 0.05 0.1 0.25 0.1 0.9
0.35 0.5 3.0 6 0.05 0.1 0.25 0.2 0.8
0.35 0.5 3.0 6 0.05 0.1 0.25 0.3 0.5
0.35 0.5 3.0 6 0.05 0.1 0.5 0.1 0.9
0.35 0.5 3.0 6 0.05 0.1 0.5 0.2 0.8
0.35 0.5 3.0 6 0.05 0.1 0.5 0.3 0.5
0.35 0.5 3.0 6 0.05 0.1 0.75 0.1 0.9
0.35 0.5 3.0 6 0.05 0.1 0.75 0.2 0.8
0.35 0.5 3.0 6 0.05 0.1 0.75 0.3 0.5
0.35 0.5 3.0 6 0.05 0.1 1.0 0.1 0.9
0.35 0.5 3.0 6 0.05 0.1 1.0 0.2 0.8
0.35 0.5 3.0 6 0.05 0.1 1.0 0.3 0.5
0.35 0.5 3.0 6 0.05 0.5 0.0 0.1 0.9
0.35 0.5 3.0 6 0.05 0.5 0.0 0.2 0.8
0.35 0.5 3.0 6 0.05 0.5 0.0 0.3 0.5
0.35 0.5 3.0 6 0.05 0.5 0.25 0.1 0.9
0.35 0.5 3.0 6 0.05 0.5 0.25 0.2 0.8
0.35 0.5 3.0 6 0.05 0.5 0.25 0.3 0.5
0.35 0.5 3.0 6 0.05 0.5 0.5 0.1 0.9
0.35 0.5 3.0 6 0.05 0.5 0.5 0.2 0.8
0.35 0.5 3.0 6 0.05 0.5 0.5 0.3 0.5
0.35 0.5 3.0 6 0.05 0.5 0.75 0.1 0.9
0.35 0.5 3.0 6 0.05 0.5 0.75 0.2 0.8
0.35 0.5 3.0 6 0.05 0.5 0.75 0.3 0.5
0.35 0.5 3.0 6 0.05 0.5 1.0 0.1 0.9
0.35 0.5 3.0 6 0.05 0.5 1.0 0.2 0.8
0.35 0.5 3.0 6 0.05 0.5 1.0 0.3 0.5
0.35 0.5 3.0 6 0.15 0.1 0.0 0.1 0.9
0.35 0.5 3.0 6 0.15 0.1 0.0 0.2 0.8
0.35 0.5 3.0 6 0.15 0.1 0.0 0.3 0.5
0.35 0.5 3.0 6 0.15 0.1 0.25 0.1 0.9
0.35 0.5 3.0 6 0.15 0.1 0.25 0.2 0.8
0.35 0.5 3.0 6 0.15 0.1 0.25 0.3 0.5
0.35 0.5 3.0 6 0.15 0.1 0.5 0.1 0.9
0.35 0.5 3.0 6 0.15 0.1 0.5 0.2 0.8
0.35 0.5 3.0 6 0.15 0.1 0.5 0.3 0.5
0.35 0.5 3.0 6 0.15 0.1 0.75 0.1 0.9
0.35 0.5 3.0 6 0.15 0.1 0.75 0.2 0.8
0.35 0.5 3.0 6 0.15 0.1 0.75 0.3 0.5
0.35 0.5 3.0 6 0.15 0.1 1.0 0.1 0.9
0.35 0.5 3.0 6 0.15 0.1 1.0 0.2 0.8
0.35 0.5 3.0 6 0.15 0.1 1.0 0.3 0.5
0.35 0.5 3.0 6 0.15 0.5 0.0 0.1 0.9
0.35 0.5 3.0 6 0.15 0.5 0.0 0.2 0.8
0.35 0.5 3.0 6 0.15 0.5 0.0 0.3 0.5
0.35 0.5 3.0 6 0.15 0.5 0.25 0.1 0.9
0.35 0.5 3.0 6 0.15 0.5 0.25 0.2 0.8
0.35 0.5 3.0 6 0.15 0.5 0.25 0.3 0.5
0.35 0.5 3.0 6 0.15 0.5 0.5 0.1 0.9
0.35 0.5 3.0 6 0.15 0.5 0.5 0.2 0.8
0.35 0.5 3.0 6 0.15 0.5 0.5 0.3 0.5
0.35 0.5 3.0 6 0.15 0.5 0.75 0.1 0.9
0.35 0.5 3.0 6 0.15 0.5 0.75 0.2 0.8
0.35 0.5 3.0 6 0.15 0.5 0.75 0.3 0.5
0.35 0.5 3.0 6 0.15 0.5 1.0 0.1 0.9
0.35 0.5 3.0 6 0.15 0.5 1.0 0.2 0.8
0.35 0.5 3.0 6 0.15 0.5 1.0 0.3 0.5
0.40 0.0 2.0 6 0.05 0.1 0.0 0.1 0.9
0.40 0.0 2.0 6 0.05 0.1 0.0 0.2 0.8
0.40 0.0 2.0 6 0.05 0.1 0.0 0.3 0.5
0.40 0.0 2.0 6 0.05 0.1 0.25 0.1 0.9
0.40 0.0 2.0 6 0.05 0.1 0.25 0.2 0.8
0.40 0.0 2.0 6 0.05 0.1 0.25 0.3 0.5
0.40 0.0 2.0 6 0.05 0.1 0.5 0.1 0.9
0.40 0.0 2.0 6 0.05 0.1 0.5 0.2 0.8
0.40 0.0 2.0 6 0.05 0.1 0.5 0.3 0.5
0.40 0.0 2.0 6 0.05 0.1 0.75 0.1 0.9
0.40 0.0 2.0 6 0.05 0.1 0.75 0.2 0.8
0.40 0.0 2.0 6 0.05 0.1 0.75 0.3 0.5
0.40 0.0 2.0 6 0.05 0.1 1.0 0.1 0.9
0.40 0.0 2.0 6 0.05 0.1 1.0 0.2 0.8
0.40 0.0 2.0 6 0.05 0.1 1.0 0.3 0.5
0.40 0.0 2.0 6 0.05 0.5 0.0 0.1 0.9
0.40 0.0 2.0 6 0.05 0.5 0.0 0.2 0.8
0.40 0.0 2.0 6 0.05 0.5 0.0 0.3 0.5
0.40 0.0 2.0 6 0.05 0.5 0.25 0.1 0.9
0.40 0.0 2.0 6 0.05 0.5 0.25 0.2 0.8
0.40 0.0 2.0 6 0.05 0.5 0.25 0.3 0.5
0.40 0.0 2.0 6 0.05 0.5 0.5 0.1 0.9
0.40 0.0 2.0 6 0.05 0.5 0.5 0.2 0.8
0.40 0.0 2.0 6 0.05 0.5 0.5 0.3 0.5
0.40 0.0 2.0 6 0.05 0.5 0.75 0.1 0.9
0.40 0.0 2.0 6 0.05 0.5 0.75 0.2 0.8
0.40 0.0 2.0 6 0.05 0.5 0.75 0.3 0.5
0.40 0.0 2.0 6 0.05 0.5 1.0 0.1 0.9
0.40 0.0 2.0 6 0.05 0.5 1.0 0.2 0.8
0.40 0.0 2.0 6 0.05 0.5 1.0 0.3 0.5
0.40 0.0 2.0 6 0.15 0.1 0.0 0.1 0.9
0.40 0.0 2.0 6 0.15 0.1 0.0 0.2 0.8
0.40 0.0 2.0 6 0.15 0.1 0.0 0.3 0.5
0.40 0.0 2.0 6 0.15 0.1 0.25 0.1 0.9
0.40 0.0 2.0 6 0.15 0.1 0.25 0.2 0.8
0.40 0.0 2.0 6 0.15 0.1 0.25 0.3 0.5
0.40 0.0 2.0 6 0.15 0.1 0.5 0.1 0.9
0.40 0.0 2.0 6 0.15 0.1 0.5 0.2 0.8
0.40 0.0 2.0 6 0.15 0.1 0.5 0.3 0.5
0.40 0.0 2.0 6 0.15 0.1 0.75 0.1 0.9
0.40 0.0 2.0 6 0.15 0.1 0.75 0.2 0.8
0.40 0.0 2.0 6 0.15 0.1 0.75 0.3 0.5
0.40 0.0 2.0 6 0.15 0.1 1.0 0.1 0.9
0.40 0.0 2.0 6 0.15 0.1 1.0 0.2 0.8
0.40 0.0 2.0 6 0.15 0.1 1.0 0.3 0.5
0.40 0.0 2.0 6 0.15 0.5 0.0 0.1 0.9
0.40 0.0 2.0 6 0.15 0.5 0.0 0.2 0.8
0.40 0.0 2.0 6 0.15 0.5 0.0 0.3 0.5
0.40 0.0 2.0 6 0.15 0.5 0.25 0.1 0.9
0.40 0.0 2.0 6 0.15 0.5 0.25 0.2 0.8
0.40 0.0 2.0 6 0.15 0.5 0.25 0.3 0.5
0.40 0.0 2.0 6 0.15 0.5 0.5 0.1 0.9
0.40 0.0 2.0 6 0.15 0.5 0.5 0.2 0.8
0.40 0.0 2.0 6 0.15 0.5 0.5 0.3 0.5
0.40 0.0 2.0 6 0.15 0.5 0.75 0.1 0.9
0.40 0.0 2.0 6 0.15 0.5 0.75 0.2 0.8
0.40 0.0 2.0 6 0.15 0.5 0.75 0.3 0.5
0.40 0.0 2.0 6 0.15 0.5 1.0 0.1 0.9
0.40 0.0 2.0 6 0.15 0.5 1.0 0.2 0.8
0.40 0.0 2.0 6 0.15 0.5 1.0 0.3 0.5
0.40 0.0 3.0 6 0.05 0.1 0.0 0.1 0.9
0.40 0.0 3.0 6 0.05 0.1 0.0 0.2 0.8
0.40 0.0 3.0 6 0.05 0.1 0.0 0.3 0.5
0.40 0.0 3.0 6 0.05 0.1 0.25 0.1 0.9
0.40 0.0 3.0 6 0.05 0.1 0.25 0.2 0.8
0.40 0.0 3.0 6 0.05 0.1 0.25 0.3 0.5
0.40 0.0 3.0 6 0.05 0.1 0.5 0.1 0.9
0.40 0.0 3.0 6 0.05 0.1 0.5 0.2 0.8
0.40 0.0 3.0 6 0.05 0.1 0.5 0.3 0.5
0.40 0.0 3.0 6 0.05 0.1 0.75 0.1 0.9
0.40 0.0 3.0 6 0.05 0.1 0.75 0.2 0.8
0.40 0.0 3.0 6 0.05 0.1 0.75 0.3 0.5
0.40 0.0 3.0 6 0.05 0.1 1.0 0.1 0.9
0.40 0.0 3.0 6 0.05 0.1 1.0 0.2 0.8
0.40 0.0 3.0 6 0.05 0.1 1.0 0.3 0.5
0.40 0.0 3.0 6 0.05 0.5 0.0 0.1 0.9
0.40 0.0 3.0 6 0.05 0.5 0.0 0.2 0.8
0.40 0.0 3.0 6 0.05 0.5 0.0 0.3 0.5
0.40 0.0 3.0 6 0.05 0.5 0.25 0.1 0.9
0.40 0.0 3.0 6 0.05 0.5 0.25 0.2 0.8
0.40 0.0 3.0 6 0.05 0.5 0.25 0.3 0.5
0.40 0.0 3.0 6 0.05 0.5 0.5 0.1 0.9
0.40 0.0 3.0 6 0.05 0.5 0.5 0.2 0.8
0.40 0.0 3.0 6 0.05 0.5 0.5 0.3 0.5
0.40 0.0 3.0 6 0.05 0.5 0.75 0.1 0.9
0.40 0.0 3.0 6 0.05 0.5 0.75 0.2 0.8
0.40 0.0 3.0 6 0.05 0.5 0.75 0.3 0.5
0.40 0.0 3.0 6 0.05 0.5 1.0 0.1 0.9
0.40 0.0 3.0 6 0.05 0.5 1.0 0.2 0.8
0.40 0.0 3.0 6 0.05 0.5 1.0 0.3 0.5
0.40 0.0 3.0 6 0.15 0.1 0.0 0.1 0.9
0.40 0.0 3.0 6 0.15 0.1 0.0 0.2 0.8
0.40 0.0 3.0 6 0.15 0.1 0.0 0.3 0.5
0.40 0.0 3.0 6 0.15 0.1 0.25 0.1 0.9
0.40 0.0 3.0 6 0.15 0.1 0.25 0.2 0.8
0.40 0.0 3.0 6 0.15 0.1 0.25 0.3 0.5
0.40 0.0 3.0 6 0.15 0.1 0.5 0.1 0.9
0.40 0.0 3.0 6 0.15 0.1 0.5 0.2 0.8
0.40 0.0 3.0 6 0.15 0.1 0.5 0.3 0.5
0.40 0.0 3.0 6 0.15 0.1 0.75 0.1 0.9
0.40 0.0 3.0 6 0.15 0.1 0.75 0.2 0.8
0.40 0.0 3.0 6 0.15 0.1 0.75 0.3 0.5
0.40 0.0 3.0 6 0.15 0.1 1.0 0.1 0.9
0.40 0.0 3.0 6 0.15 0.1 1.0 0.2 0.8
0.40 0.0 3.0 6 0.15 0.1 1.0 0.3 0.5
0.40 0.0 3.0 6 0.15 0.5 0.0 0.1 0.9
0.40 0.0 3.0 6 0.15 0.5 0.0 0.2 0.8
0.40 0.0 3.0 6 0.15 0.5 0.0 0.3 0.5
0.40 0.0 3.0 6 0.15 0.5 0.25 0.1 0.9
0.40 0.0 3.0 6 0.15 0.5 0.25 0.2 0.8
0.40 0.0 3.0 6 0.15 0.5 0.25 0.3 0.5
0.40 0.0 3.0 6 0.15 0.5 0.5 0.1 0.9
0.40 0.0 3.0 6 0.15 0.5 0.5 0.2 0.8
0.40 0.0 3.0 6 0.15 0.5 0.5 0.3 0.5
0.40 0.0 3.0 6 0.15 0.5 0.75 0.1 0.9
0.40 0.0 3.0 6 0.15 0.5 0.75 0.2 0.8
0.40 0.0 3.0 6 0.15 0.5 0.75 0.3 0.5
0.40 0.0 3.0 6 0.15 0.5 1.0 0.1 0.9
0.40 0.0 3.0 6 0.15 0.5 1.0 0.2 0.8
0.40 0.0 3.0 6 0.15 0.5 1.0 0.3 0.5
0.40 0.2 2.0 6 0.05 0.1 0.0 0.1 0.9
0.40 0.2 2.0 6 0.05 0.1 0.0 0.2 0.8
0.40 0.2 2.0 6 0.05 0.1 0.0 0.3 0.5
0.40 0.2 2.0 6 0.05 0.1 0.25 0.1 0.9
0.40 0.2 2.0 6 0.05 0.1 0.25 0.2 0.8
0.40 0.2 2.0 6 0.05 0.1 0.25 0.3 0.5
0.40 0.2 2.0 6 0.05 0.1 0.5 0.1 0.9
0.40 0.2 2.0 6 0.05 0.1 0.5 0.2 0.8
0.40 0.2 2.0 6 0.05 0.1 0.5 0.3 0.5
0.40 0.2 2.0 6 0.05 0.1 0.75 0.1 0.9
0.40 0.2 2.0 6 0.05 0.1 0.75 0.2 0.8
0.40 0.2 2.0 6 0.05 0.1 0.75 0.3 0.5
0.40 0.2 2.0 6 0.05 0.1 1.0 0.1 0.9
0.40 0.2 2.0 6 0.05 0.1 1.0 0.2 0.8
0.40 0.2 2.0 6 0.05 0.1 1.0 0.3 0.5
0.40 0.2 2.0 6 0.05 0.5 0.0 0.1 0.9
0.40 0.2 2.0 6 0.05 0.5 0.0 0.2 0.8
0.40 0.2 2.0 6 0.05 0.5 0.0 0.3 0.5
0.40 0.2 2.0 6 0.05 0.5 0.25 0.1 0.9
0.40 0.2 2.0 6 0.05 0.5 0.25 0.2 0.8
0.40 0.2 2.0 6 0.05 0.5 0.25 0.3 0.5
0.40 0.2 2.0 6 0.05 0.5 0.5 0.1 0.9
0.40 0.2 2.0 6 0.05 0.5 0.5 0.2 0.8
0.40 0.2 2.0 6 0.05 0.5 0.5 0.3 0.5
0.40 0.2 2.0 6 0.05 0.5 0.75 0.1 0.9
0.40 0.2 2.0 6 0.05 0.5 0.75 0.2 0.8
0.40 0.2 2.0 6 0.05 0.5 0.75 0.3 0.5
0.40 0.2 2.0 6 0.05 0.5 1.0 0.1 0.9
0.40 0.2 2.0 6 0.05 0.5 1.0 0.2 0.8
0.40 0.2 2.0 6 0.05 0.5 1.0 0.3 0.5
0.40 0.2 2.0 6 0.15 0.1 0.0 0.1 0.9
0.40 0.2 2.0 6 0.15 0.1 0.0 0.2 0.8
0.40 0.2 2.0 6 0.15 0.1 0.0 0.3 0.5
0.40 0.2 2.0 6 0.15 0.1 0.25 0.1 0.9
0.40 0.2 2.0 6 0.15 0.1 0.25 0.2 0.8
0.40 0.2 2.0 6 0.15 0.1 0.25 0.3 0.5
0.40 0.2 2.0 6 0.15 0.1 0.5 0.1 0.9
0.40 0.2 2.0 6 0.15 0.1 0.5 0.2 0.8
0.40 0.2 2.0 6 0.15 0.1 0.5 0.3 0.5
0.40 0.2 2.0 6 0.15 0.1 0.75 0.1 0.9
0.40 0.2 2.0 6 0.15 0.1 0.75 0.2 0.8
0.40 0.2 2.0 6 0.15 0.1 0.75 0.3 0.5
0.40 0.2 2.0 6 0.15 0.1 1.0 0.1 0.9
0.40 0.2 2.0 6 0.15 0.1 1.0 0.2 0.8
0.40 0.2 2.0 6 0.15 0.1 1.0 0.3 0.5
0.40 0.2 2.0 6 0.15 0.5 0.0 0.1 0.9
0.40 0.2 2.0 6 0.15 0.5 0.0 0.2 0.8
0.40 0.2 2.0 6 0.15 0.5 0.0 0.3 0.5
0.40 0.2 2.0 6 0.15 0.5 0.25 0.1 0.9
0.40 0.2 2.0 6 0.15 0.5 0.25 0.2 0.8
0.40 0.2 2.0 6 0.15 0.5 0.25 0.3 0.5
0.40 0.2 2.0 6 0.15 0.5 0.5 0.1 0.9
0.40 0.2 2.0 6 0.15 0.5 0.5 0.2 0.8
0.40 0.2 2.0 6 0.15 0.5 0.5 0.3 0.5
0.40 0.2 2.0 6 0.15 0.5 0.75 0.1 0.9
0.40 0.2 2.0 6 0.15 0.5 0.75 0.2 0.8
0.40 0.2 2.0 6 0.15 0.5 0.75 0.3 0.5
0.40 0.2 2.0 6 0.15 0.5 1.0 0.1 0.9
0.40 0.2 2.0 6 0.15 0.5 1.0 0.2 0.8
0.40 0.2 2.0 6 0.15 0.5 1.0 0.3 0.5
0.40 0.2 3.0 6 0.05 0.1 0.0 0.1 0.9
0.40 0.2 3.0 6 0.05 0.1 0.0 0.2 0.8
0.40 0.2 3.0 6 0.05 0.1 0.0 0.3 0.5
0.40 0.2 3.0 6 0.05 0.1 0.25 0.1 0.9
0.40 0.2 3.0 6 0.05 0.1 0.25 0.2 0.8
0.40 0.2 3.0 6 0.05 0.1 0.25 0.3 0.5
0.40 0.2 3.0 6 0.05 0.1 0.5 0.1 0.9
0.40 0.2 3.0 6 0.05 0.1 0.5 0.2 0.8
0.40 0.2 3.0 6 0.05 0.1 0.5 0.3 0.5
0.40 0.2 3.0 6 0.05 0.1 0.75 0.1 0.9
0.40 0.2 3.0 6 0.05 0.1 0.75 0.2 0.8
0.40 0.2 3.0 6 0.05 0.1 0.75 0.3 0.5
0.40 0.2 3.0 6 0.05 0.1 1.0 0.1 0.9
0.40 0.2 3.0 6 0.05 0.1 1.0 0.2 0.8
0.40 0.2 3.0 6 0.05 0.1 1.0 0.3 0.5
0.40 0.2 3.0 6 0.05 0.5 0.0 0.1 0.9
0.40 0.2 3.0 6 0.05 0.5 0.0 0.2 0.8
0.40 0.2 3.0 6 0.05 0.5 0.0 0.3 0.5
0.40 0.2 3.0 6 0.05 0.5 0.25 0.1 0.9
0.40 0.2 3.0 6 0.05 0.5 0.25 0.2 0.8
0.40 0.2 3.0 6 0.05 0.5 0.25 0.3 0.5
0.40 0.2 3.0 6 0.05 0.5 0.5 0.1 0.9
0.40 0.2 3.0 6 0.05 0.5 0.5 0.2 0.8
0.40 0.2 3.0 6 0.05 0.5 0.5 0.3 0.5
0.40 0.2 3.0 6 0.05 0.5 0.75 0.1 0.9
0.40 0.2 3.0 6 0.05 0.5 0.75 0.2 0.8
0.40 0.2 3.0 6 0.05 0.5 0.75 0.3 0.5
0.40 0.2 3.0 6 0.05 0.5 1.0 0.1 0.9
0.40 0.2 3.0 6 0.05 0.5 1.0 0.2 0.8
0.40 0.2 3.0 6 0.05 0.5 1.0 0.3 0.5
0.40 0.2 3.0 6 0.15 0.1 0.0 0.1 0.9
0.40 0.2 3.0 6 0.15 0.1 0.0 0.2 0.8
0.40 0.2 3.0 6 0.15 0.1 0.0 0.3 0.5
0.40 0.2 3.0 6 0.15 0.1 0.25 0.1 0.9
0.40 0.2 3.0 6 0.15 0.1 0.25 0.2 0.8
0.40 0.2 3.0 6 0.15 0.1 0.25 0.3 0.5
0.40 0.2 3.0 6 0.15 0.1 0.5 0.1 0.9
0.40 0.2 3.0 6 0.15 0.1 0.5 0.2 0.8
0.40 0.2 3.0 6 0.15 0.1 0.5 0.3 0.5
0.40 0.2 3.0 6 0.15 0.1 0.75 0.1 0.9
0.40 0.2 3.0 6 0.15 0.1 0.75 0.2 0.8
0.40 0.2 3.0 6 0.15 0.1 0.75 0.3 0.5
0.40 0.2 3.0 6 0.15 0.1 1.0 0.1 0.9
0.40 0.2 3.0 6 0.15 0.1 1.0 0.2 0.8
0.40 0.2 3.0 6 0.15 0.1 1.0 0.3 0.5
0.40 0.2 3.0 6 0.15 0.5 0.0 0.1 0.9
0.40 0.2 3.0 6 0.15 0.5 0.0 0.2 0.8
0.40 0.2 3.0 6 0.15 0.5 0.0 0.3 0.5
0.40 0.2 3.0 6 0.15 0.5 0.25 0.1 0.9
0.40 0.2 3.0 6 0.15 0.5 0.25 0.2 0.8
0.40 0.2 3.0 6 0.15 0.5 0.25 0.3 0.5
0.40 0.2 3.0 6 0.15 0.5 0.5 0.1 0.9
0.40 0.2 3.0 6 0.15 0.5 0.5 0.2 0.8
0.40 0.2 3.0 6 0.15 0.5 0.5 0.3 0.5
0.40 0.2 3.0 6 0.15 0.5 0.75 0.1 0.9
0.40 0.2 3.0 6 0.15 0.5 0.75 0.2 0.8
0.40 0.2 3.0 6 0.15 0.5 0.75 0.3 0.5
0.40 0.2 3.0 6 0.15 0.5 1.0 0.1 0.9
0.40 0.2 3.0 6 0.15 0.5 1.0 0.2 0.8
0.40 0.2 3.0 6 0.15 0.5 1.0 0.3 0.5
0.40 0.5 2.0 6 0.05 0.1 0.0 0.1 0.9
0.40 0.5 2.0 6 0.05 0.1 0.0 0.2 0.8
0.40 0.5 2.0 6 0.05 0.1 0.0 0.3 0.5
0.40 0.5 2.0 6 0.05 0.1 0.25 0.1 0.9
0.40 0.5 2.0 6 0.05 0.1 0.25 0.2 0.8
0.40 0.5 2.0 6 0.05 0.1 0.25 0.3 0.5
0.40 0.5 2.0 6 0.05 0.1 0.5 0.1 0.9
0.40 0.5 2.0 6 0.05 0.1 0.5 0.2 0.8
0.40 0.5 2.0 6 0.05 0.1 0.5 0.3 0.5
0.40 0.5 2.0 6 0.05 0.1 0.75 0.1 0.9
0.40 0.5 2.0 6 0.05 0.1 0.75 0.2 0.8
0.40 0.5 2.0 6 0.05 0.1 0.75 0.3 0.5
0.40 0.5 2.0 6 0.05 0.1 1.0 0.1 0.9
0.40 0.5 2.0 6 0.05 0.1 1.0 0.2 0.8
0.40 0.5 2.0 6 0.05 0.1 1.0 0.3 0.5
0.40 0.5 2.0 6 0.05 0.5 0.0 0.1 0.9
0.40 0.5 2.0 6 0.05 0.5 0.0 0.2 0.8
0.40 0.5 2.0 6 0.05 0.5 0.0 0.3 0.5
0.40 0.5 2.0 6 0.05 0.5 0.25 0.1 0.9
0.40 0.5 2.0 6 0.05 0.5 0.25 0.2 0.8
0.40 0.5 2.0 6 0.05 0.5 0.25 0.3 0.5
0.40 0.5 2.0 6 0.05 0.5 0.5 0.1 0.9
0.40 0.5 2.0 6 0.05 0.5 0.5 0.2 0.8
0.40 0.5 2.0 6 0.05 0.5 0.5 0.3 0.5
0.40 0.5 2.0 6 0.05 0.5 0.75 0.1 0.9
0.40 0.5 2.0 6 0.05 0.5 0.75 0.2 0.8
0.40 0.5 2.0 6 0.05 0.5 0.75 0.3 0.5
0.40 0.5 2.0 6 0.05 0.5 1.0 0.1 0.9
0.40 0.5 2.0 6 0.05 0.5 1.0 0.2 0.8
0.40 0.5 2.0 6 0.05 0.5 1.0 0.3 0.5
0.40 0.5 2.0 6 0.15 0.1 0.0 0.1 0.9
0.40 0.5 2.0 6 0.15 0.1 0.0 0.2 0.8
0.40 0.5 2.0 6 0.15 0.1 0.0 0.3 0.5
0.40 0.5 2.0 6 0.15 0.1 0.25 0.1 0.9
0.40 0.5 2.0 6 0.15 0.1 0.25 0.2 0.8
0.40 0.5 2.0 6 0.15 0.1 0.25 0.3 0.5
0.40 0.5 2.0 6 0.15 0.1 0.5 0.1 0.9
0.40 0.5 2.0 6 0.15 0.1 0.5 0.2 0.8
0.40 0.5 2.0 6 0.15 0.1 0.5 0.3 0.5
0.40 0.5 2.0 6 0.15 0.1 0.75 0.1 0.9
0.40 0.5 2.0 6 0.15 0.1 0.75 0.2 0.8
0.40 0.5 2.0 6 0.15 0.1 0.75 0.3 0.5
0.40 0.5 2.0 6 0.15 0.1 1.0 0.1 0.9
0.40 0.5 2.0 6 0.15 0.1 1.0 0.2 0.8
0.40 0.5 2.0 6 0.15 0.1 1.0 0.3 0.5
0.40 0.5 2.0 6 0.15 0.5 0.0 0.1 0.9
0.40 0.5 2.0 6 0.15 0.5 0.0 0.2 0.8
0.40 0.5 2.0 6 0.15 0.5 0.0 0.3 0.5
0.40 0.5 2.0 6 0.15 0.5 0.25 0.1 0.9
0.40 0.5 2.0 6 0.15 0.5 0.25 0.2 0.8
0.40 0.5 2.0 6 0.15 0.5 0.25 0.3 0.5
0.40 0.5 2.0 6 0.15 0.5 0.5 0.1 0.9
0.40 0.5 2.0 6 0.15 0.5 0.5 0.2 0.8
0.40 0.5 2.0 6 0.15 0.5 0.5 0.3 0.5
0.40 0.5 2.0 6 0.15 0.5 0.75 0.1 0.9
0.40 0.5 2.0 6 0.15 0.5 0.75 0.2 0.8
0.40 0.5 2.0 6 0.15 0.5 0.75 0.3 0.5
0.40 0.5 2.0 6 0.15 0.5 1.0 0.1 0.9
0.40 0.5 2.0 6 0.15 0.5 1.0 0.2 0.8
0.40 0.5 2.0 6 0.15 0.5 1.0 0.3 0.5
0.40 0.5 3.0 6 0.05 0.1 0.0 0.1 0.9
0.40 0.5 3.0 6 0.05 0.1 0.0 0.2 0.8
0.40 0.5 3.0 6 0.05 0.1 0.0 0.3 0.5
0.40 0.5 3.0 6 0.05 0.1 0.25 0.1 0.9
0.40 0.5 3.0 6 0.05 0.1 0.25 0.2 0.8
0.40 0.5 3.0 6 0.05 0.1 0.25 0.3 0.5
0.40 0.5 3.0 6 0.05 0.1 0.5 0.1 0.9
0.40 0.5 3.0 6 0.05 0.1 0.5 0.2 0.8
0.40 0.5 3.0 6 0.05 0.1 0.5 0.3 0.5
0.40 0.5 3.0 6 0.05 0.1 0.75 0.1 0.9
0.40 0.5 3.0 6 0.05 0.1 0.75 0.2 0.8
0.40 0.5 3.0 6 0.05 0.1 0.75 0.3 0.5
0.40 0.5 3.0 6 0.05 0.1 1.0 0.1 0.9
0.40 0.5 3.0 6 0.05 0.1 1.0 0.2 0.8
0.40 0.5 3.0 6 0.05 0.1 1.0 0.3 0.5
0.40 0.5 3.0 6 0.05 0.5 0.0 0.1 0.9
0.40 0.5 3.0 6 0.05 0.5 0.0 0.2 0.8
0.40 0.5 3.0 6 0.05 0.5 0.0 0.3 0.5
0.40 0.5 3.0 6 0.05 0.5 0.25 0.1 0.9
0.40 0.5 3.0 6 0.05 0.5 0.25 0.2 0.8
0.40 0.5 3.0 6 0.05 0.5 0.25 0.3 0.5
0.40 0.5 3.0 6 0.05 0.5 0.5 0.1 0.9
0.40 0.5 3.0 6 0.05 0.5 0.5 0.2 0.8
0.40 0.5 3.0 6 0.05 0.5 0.5 0.3 0.5
0.40 0.5 3.0 6 0.05 0.5 0.75 0.1 0.9
0.40 0.5 3.0 6 0.05 0.5 0.75 0.2 0.8
0.40 0.5 3.0 6 0.05 0.5 0.75 0.3 0.5
0.40 0.5 3.0 6 0.05 0.5 1.0 0.1 0.9
0.40 0.5 3.0 6 0.05 0.5 1.0 0.2 0.8
0.40 0.5 3.0 6 0.05 0.5 1.0 0.3 0.5
0.40 0.5 3.0 6 0.15 0.1 0.0 0.1 0.9
0.40 0.5 3.0 6 0.15 0.1 0.0 0.2 0.8
0.40 0.5 3.0 6 0.15 0.1 0.0 0.3 0.5
0.40 0.5 3.0 6 0.15 0.1 0.25 0.1 0.9
0.40 0.5 3.0 6 0.15 0.1 0.25 0.2 0.8
0.40 0.5 3.0 6 0.15 0.1 0.25 0.3 0.5
0.40 0.5 3.0 6 0.15 0.1 0.5 0.1 0.9
0.40 0.5 3.0 6 0.15 0.1 0.5 0.2 0.8
0.40 0.5 3.0 6 0.15 0.1 0.5 0.3 0.5
0.40 0.5 3.0 6 0.15 0.1 0.75 0.1 0.9
0.40 0.5 3.0 6 0.15 0.1 0.75 0.2 0.8
0.40 0.5 3.0 6 0.15 0.1 0.75 0.3 0.5
0.40 0.5 3.0 6 0.15 0.1 1.0 0.1 0.9
0.40 0.5 3.0 6 0.15 0.1 1.0 0.2 0.8
0.40 0.5 3.0 6 0.15 0.1 1.0 0.3 0.5
0.40 0.5 3.0 6 0.15 0.5 0.0 0.1 0.9
0.40 0.5 3.0 6 0.15 0.5 0.0 0.2 0.8
0.40 0.5 3.0 6 0.15 0.5 0.0 0.3 0.5
0.40 0.5 3.0 6 0.15 0.5 0.25 0.1 0.9
0.40 0.5 3.0 6 0.15 0.5 0.25 0.2 0.8
0.40 0.5 3.0 6 0.15 0.5 0.25 0.3 0.5
0.40 0.5 3.0 6 0.15 0.5 0.5 0.1 0.9
0.40 0.5 3.0 6 0.15 0.5 0.5 0.2 0.8
0.40 0.5 3.0 6 0.15 0.5 0.5 0.3 0.5
0.40 0.5 3.0 6 0.15 0.5 0.75 0.1 0.9
0.40 0.5 3.0 6 0.15 0.5 0.75 0.2 0.8
0.40 0.5 3.0 6 0.15 0.5 0.75 0.3 0.5
0.40 0.5 3.0 6 0.15 0.5 1.0 0.1 0.9
0.40 0.5 3.0 6 0.15 0.5 1.0 0.2 0.8
0.40 0.5 3.0 6 0.15 0.5 1.0 0.3 0.5
